0.510800	13
0.445500	1
0.361500	15
0.397700	2
0.361500	7
0.397700	5
0.227300	6
0.242900	18
0.252400	14
0.242900	4
0.234600	2
0.242900	14
0.252400	10
0.291900	5
0.263500	4
0.276400	13
0.263500	2
0.242900	1
0.252400	15
0.242900	14
0.234600	4
0.242900	3
0.234600	2
0.242900	18
0.234600	2
0.227300	2
0.242900	12
0.252400	9
0.242900	2
0.252400	7
0.263500	2
0.242900	3
0.252400	4
0.242900	9
0.234600	3
0.242900	2
0.252400	2
0.263500	27
0.276400	7
0.263500	6
0.252400	5
0.263500	13
0.252400	56
0.263500	11
0.252400	6
0.263500	14
0.252400	20
0.263500	13
0.252400	2
0.263500	3
0.276400	13
0.263500	3
0.276400	11
0.252400	4
0.242900	3
0.252400	13
0.242900	22
0.252400	14
0.242900	4
0.252400	14
0.242900	20
0.252400	14
0.242900	39
0.252400	12
0.242900	3
0.252400	17
0.242900	92
0.252400	15
0.242900	3
0.252400	13
0.242900	23
0.252400	32
0.242900	8
0.263500	12
0.242900	5
0.252400	11
0.242900	6
0.252400	14
0.242900	3
0.252400	13
0.242900	39
0.252400	14
0.242900	55
0.252400	15
0.242900	52
0.276400	3
0.263500	16
0.252400	2
0.242900	26
0.276400	3
0.252400	42
0.263500	31
0.252400	4
0.263500	12
0.252400	5
0.263500	30
0.252400	9
0.291900	5
0.303900	5
0.321300	4
0.303900	12
0.289100	24
0.265400	11
0.303900	3
0.321300	2
0.289100	2
0.303900	9
0.289100	2
0.276400	1
0.289100	4
0.303900	2
0.289100	1
0.276400	4
0.265400	4
0.255800	20
0.276400	2
0.252400	6
0.276400	8
0.263500	19
0.276400	16
0.263500	7
0.242900	47
0.263500	19
0.276400	4
0.310400	3
0.276400	5
0.263500	4
0.276400	3
0.252400	12
0.242900	4
0.252400	12
0.242900	3
0.252400	6
0.263500	3
0.276400	5
0.263500	5
0.276400	20
0.333100	3
0.291900	4
0.333100	3
0.291900	4
0.263500	5
0.276400	5
0.263500	7
0.252400	5
0.263500	12
0.252400	55
0.242900	5
0.252400	22
0.242900	13
0.252400	10
0.242900	2
0.227300	23
0.234600	9
0.252400	4
0.242900	10
0.220900	5
0.252400	2
0.220900	2
0.252400	3
0.263500	2
0.276400	11
0.263500	19
0.291900	13
0.263500	41
0.276400	6
0.252400	9
0.242900	3
0.252400	14
0.242900	22
0.252400	13
0.242900	52
0.333100	2
0.310400	12
0.242900	25
0.252400	9
0.234600	4
0.227300	3
0.234600	15
0.227300	20
0.234600	5
0.263500	4
0.252400	5
0.242900	4
0.252400	2
0.234600	10
0.227300	9
0.234600	11
0.227300	2
0.234600	1
0.242900	2
0.234600	11
0.227300	22
0.234600	13
0.227300	21
0.234600	13
0.227300	5
0.215200	16
0.234600	1
0.220900	14
0.215200	4
0.227300	26
0.242900	3
0.227300	7
0.234600	12
0.263500	2
0.252400	1
0.234600	9
0.227300	10
0.234600	14
0.227300	19
0.215200	17
0.227300	25
0.215200	29
0.220900	12
0.215200	1
0.220900	2
0.227300	15
0.220900	3
0.227300	13
0.220900	4
0.227300	12
0.234600	2
0.227300	4
0.234600	12
0.227300	11
3.050000	163
0.681700	2
0.186300	2
0.226100	14
0.218300	4
0.226100	13
0.218300	9
0.252400	3
0.234600	2
0.242900	6
0.252400	14
0.234600	9
0.252400	2
0.218300	29
0.226100	12
0.218300	9
3.050000	216
0.218300	2
0.182100	2
0.211500	1
0.218300	14
0.211500	4
0.226100	1
0.235200	13
0.226100	5
0.245900	2
0.235200	31
0.226100	14
0.218300	7
0.211500	10
0.226100	4
0.235200	15
0.226100	4
0.235200	1
0.218300	6
0.235200	6
0.226100	7
0.211500	14
0.218300	7
0.205600	7
0.200500	4
0.205600	13
0.200500	40
0.205600	12
0.200500	4
0.205600	15
0.200500	28
0.211500	31
0.218300	12
0.200500	40
0.205600	9
0.218300	2
0.205600	3
0.211500	5
0.218300	13
0.211500	38
0.235200	2
0.274400	3
0.235200	9
0.226100	48
0.245900	5
0.293700	1
0.274400	6
0.245900	7
0.235200	12
0.226100	28
0.235200	15
0.226100	20
0.235200	13
0.226100	52
0.258800	26
0.226100	12
0.235200	16
0.226100	4
0.235200	12
0.226100	3
0.235200	16
0.226100	4
0.235200	12
0.226100	3
0.235200	14
0.245900	2
0.235200	4
0.245900	1
0.258800	6
0.235200	5
0.226100	15
0.245900	19
0.235200	7
0.226100	16
0.235200	12
0.226100	4
0.235200	14
0.226100	5
0.245900	3
0.226100	4
0.245900	7
0.226100	1
0.235200	14
0.226100	5
0.235200	12
0.226100	4
0.235200	14
0.226100	21
0.245900	3
0.226100	42
0.258800	3
0.226100	110
0.235200	12
0.226100	38
0.235200	16
0.218300	3
0.226100	12
0.218300	5
0.226100	14
0.218300	20
0.274400	1
0.293700	4
0.274400	10
0.258800	9
0.235200	2
0.218300	61
0.226100	13
0.218300	6
0.226100	12
0.218300	22
0.226100	12
0.218300	41
0.226100	15
0.218300	18
0.226100	15
0.218300	19
0.226100	16
0.218300	4
0.226100	12
0.218300	3
0.226100	14
0.218300	13
0.245900	8
0.258800	6
0.226100	9
0.218300	21
0.226100	3
0.274400	2
0.235200	9
0.226100	5
0.218300	16
0.226100	14
0.218300	3
0.226100	5
0.245900	4
0.226100	5
0.218300	4
0.226100	13
0.218300	6
0.226100	12
0.218300	21
0.226100	12
0.218300	5
0.226100	14
0.218300	7
0.205600	25
0.218300	20
0.245900	4
0.218300	5
0.226100	12
0.218300	4
0.226100	15
0.218300	4
0.226100	14
0.218300	3
0.226100	14
0.218300	5
0.226100	2
0.218300	3
0.226100	5
0.235200	2
0.226100	2
0.218300	2
0.226100	14
0.218300	5
0.226100	12
0.218300	71
0.226100	14
0.205600	23
0.211500	15
0.205600	4
0.211500	13
0.205600	22
0.211500	12
0.226100	2
0.211500	4
0.226100	1
0.218300	5
0.226100	14
0.218300	4
0.226100	12
0.218300	5
0.226100	8
0.235200	6
0.218300	5
0.226100	10
0.218300	2
0.235200	9
0.218300	16
0.226100	5
0.218300	26
0.226100	13
0.218300	5
0.226100	12
0.218300	5
0.226100	6
0.245900	10
0.258800	2
0.245900	2
0.226100	12
0.218300	7
0.245900	9
0.226100	4
0.235200	7
0.226100	7
0.218300	5
0.226100	12
0.218300	4
0.226100	1
0.211500	13
0.205600	3
0.211500	13
0.205600	14
0.226100	19
0.205600	7
0.211500	12
0.226100	1
0.218300	2
0.211500	12
0.205600	5
0.218300	2
0.226100	3
0.218300	9
0.211500	2
0.205600	10
0.211500	7
0.205600	3
0.211500	14
0.205600	55
0.211500	10
0.226100	7
0.218300	4
0.226100	12
0.218300	3
0.211500	14
0.245900	2
0.235200	1
0.226100	28
0.205600	8
0.211500	13
0.205600	6
0.218300	2
0.205600	4
0.218300	10
0.226100	12
0.218300	5
0.226100	14
0.218300	3
0.226100	14
0.218300	22
0.226100	12
0.218300	31
0.205600	8
0.218300	4
0.235200	12
0.245900	14
0.226100	2
0.218300	3
0.226100	2
0.218300	10
0.245900	14
0.218300	7
0.235200	2
0.245900	7
0.235200	1
0.226100	9
0.245900	12
0.258800	7
0.226100	4
0.258800	1
0.245900	4
0.258800	2
0.274400	3
0.451500	9
0.318000	1
0.293700	28
0.392100	18
0.451500	2
0.392100	1
0.451500	4
0.392100	2
0.451500	1
0.349700	9
0.318000	4
0.293700	3
0.392100	2
0.451500	12
0.392100	23
0.451500	5
0.392100	2
0.318000	5
0.293700	3
0.318000	16
0.293700	3
0.258800	9
0.318000	4
0.293700	10
0.258800	7
0.274400	6
0.293700	13
0.274400	4
0.293700	5
0.226100	2
0.293700	1
0.258800	2
0.274400	5
0.258800	8
0.293700	3
0.274400	3
0.258800	11
0.274400	2
0.258800	3
0.274400	4
0.226100	8
0.235200	2
0.226100	19
0.245900	21
0.258800	16
0.245900	3
0.258800	7
0.235200	5
0.226100	23
0.235200	7
0.258800	3
0.245900	5
0.258800	5
0.245900	11
0.235200	7
0.258800	3
0.235200	9
0.245900	37
0.293700	6
0.258800	10
0.274400	12
0.258800	2
0.245900	1
0.258800	2
0.274400	9
0.258800	1
0.245900	9
0.258800	12
0.245900	4
0.258800	13
0.245900	40
0.258800	13
0.245900	4
0.258800	3
0.274400	10
0.258800	6
0.274400	11
0.258800	4
0.274400	14
3.050000	431
0.392100	2
0.266700	2
0.318000	3
0.349700	9
0.293700	5
0.274400	33
0.258800	5
0.235200	2
0.245900	12
0.235200	2
0.274400	3
0.293700	2
0.258800	3
0.245900	9
0.258800	26
0.235200	12
0.245900	14
0.235200	27
0.245900	1
0.235200	11
0.245900	14
0.235200	1
0.245900	6
0.235200	3
0.245900	7
0.258800	4
0.274400	14
0.258800	14
0.245900	6
0.258800	4
0.293700	11
0.274400	4
0.293700	12
0.274400	18
0.245900	26
0.274400	3
0.349700	6
0.293700	3
0.349700	11
0.392100	7
0.349700	3
0.392100	14
0.349700	4
0.392100	12
0.681700	2
0.539600	4
0.392100	17
0.451500	2
0.681700	5
0.451500	5
0.392100	13
0.274400	3
0.258800	7
0.274400	13
0.258800	3
0.226100	52
0.274400	7
0.245900	7
0.226100	2
0.258800	4
0.274400	11
0.318000	3
0.293700	2
0.258800	5
0.226100	47
0.235200	16
0.226100	9
0.235200	2
0.226100	43
0.235200	10
0.245900	2
0.235200	4
0.226100	3
0.235200	12
0.226100	22
0.235200	4
0.226100	8
0.235200	2
0.226100	4
0.235200	15
0.226100	35
0.235200	2
0.226100	19
0.258800	3
0.235200	12
0.226100	20
0.235200	2
0.245900	3
0.235200	9
0.226100	4
0.235200	30
0.226100	4
0.235200	7
0.245900	2
0.235200	4
0.226100	4
0.235200	13
0.226100	4
0.235200	14
0.226100	3
0.235200	14
0.226100	5
0.245900	3
0.235200	9
0.226100	23
0.235200	12
0.226100	3
0.235200	13
0.245900	1
0.235200	2
0.245900	2
0.258800	3
0.245900	2
0.235200	9
0.226100	37
0.235200	14
0.226100	14
0.245900	8
0.226100	15
3.050000	1243
0.943000	2
0.582300	1
0.943000	38
0.539600	42
1.560100	2
0.681700	10
0.539600	46
0.392100	56
0.451500	24
0.293700	11
0.318000	2
0.293700	110
0.318000	4
0.293700	17
0.274400	3
0.293700	13
0.274400	3
0.293700	14
0.274400	2
0.318000	56
0.349700	3
0.318000	43
0.274400	12
3.050000	3
0.681700	2
0.221200	2
0.274400	5
0.318000	11
0.349700	1
0.318000	74
0.349700	2
0.318000	2
0.274400	19
0.349700	7
0.318000	20
0.274400	12
0.258800	4
0.274400	2
0.258800	64
0.293700	20
0.318000	17
0.274400	10
0.392100	4
0.451500	5
0.392100	18
0.318000	10
0.274400	21
0.318000	5
0.293700	7
0.349700	20
0.293700	5
0.258800	49
0.274400	31
0.258800	67
0.274400	3
0.258800	65
0.293700	2
0.349700	12
0.293700	23
0.258800	43
0.274400	2
0.258800	33
0.293700	5
0.258800	86
0.293700	14
0.258800	2
0.165500	4
0.161500	1
0.218300	2
0.211500	27
0.226100	30
0.211500	14
0.226100	25
0.245900	14
0.274400	1
0.245900	26
0.274400	18
0.293700	31
0.318000	2
0.293700	12
0.274400	10
0.318000	40
0.349700	2
0.318000	59
0.274400	5
0.218300	2
0.211500	12
0.226100	49
0.211500	2
0.218300	1
0.211500	4
0.226100	59
0.235200	2
0.226100	121
0.195900	14
0.218300	45
0.205600	9
0.218300	15
3.050000	154
0.539600	2
0.375500	2
0.539600	9
0.681700	13
0.943000	42
0.681700	9
0.943000	5
0.539600	7
0.681700	8
0.943000	22
1.560100	5
0.392100	4
0.274400	5
0.245900	6
0.235200	5
0.245900	48
0.235200	14
0.274400	3
0.245900	9
0.274400	4
0.235200	34
0.258800	11
0.235200	2
0.245900	26
0.226100	20
0.258800	5
0.245900	9
0.226100	47
0.258800	3
0.235200	22
0.226100	13
0.235200	24
0.274400	5
0.245900	9
0.235200	10
0.205600	2
0.200500	12
0.226100	15
0.218300	3
0.245900	4
0.226100	25
0.218300	13
0.226100	13
0.218300	46
0.226100	50
0.218300	18
0.226100	6
0.245900	4
0.226100	19
0.218300	33
0.245900	2
0.235200	8
0.245900	3
0.226100	25
0.258800	13
0.226100	4
0.218300	19
0.245900	13
0.218300	5
0.226100	5
0.218300	63
0.226100	26
0.274400	4
0.258800	5
0.188100	2
0.205600	2
0.188100	2
0.184800	1
0.191800	2
0.188100	58
0.200500	2
0.226100	1
0.235200	2
0.274400	8
0.258800	1
0.235200	13
0.226100	2
0.218300	52
0.226100	9
0.235200	13
0.226100	7
0.211500	6
0.191800	9
0.195900	11
0.205600	13
3.050000	294
0.451500	2
0.326000	2
0.451500	16
0.539600	16
0.681700	4
1.560100	1
0.451500	26
0.226100	1
0.245900	16
0.258800	9
0.245900	2
0.274400	2
0.258800	5
0.349700	9
0.293700	3
0.274400	20
0.293700	4
3.050000	59
2.000000	2
1.560000	2
2.000000	1
3.050000	15
2.000000	1
1.560000	2
3.050000	15
0.349700	1
0.266700	2
0.349700	2
0.451500	25
0.349700	3
3.050000	15
0.681700	1
0.266700	2
0.349700	14
0.451500	12
0.349700	4
0.293700	46
0.539600	40
0.293700	2
0.274400	14
0.349700	3
0.318000	11
0.274400	7
0.349700	4
0.293700	10
0.274400	54
0.318000	9
0.235200	14
0.218300	25
0.205600	12
0.226100	4
0.205600	14
0.218300	53
0.451500	2
0.349700	14
0.205600	6
0.349700	36
0.205600	24
0.226100	2
0.218300	2
0.205600	5
0.211500	6
0.205600	7
0.211500	16
0.205600	38
0.218300	27
0.235200	2
0.218300	15
0.205600	9
0.200500	50
0.191800	15
0.195900	57
0.191800	2
0.195900	14
0.205600	5
0.195900	41
0.191800	52
0.205600	5
0.195900	20
0.191800	14
0.211500	158
0.218300	9
0.235200	7
0.226100	9
0.211500	102
0.226100	12
0.211500	50
0.235200	7
0.218300	7
0.211500	32
0.235200	3
0.226100	9
0.218300	1
0.211500	125
0.235200	2
0.226100	2
0.293700	19
0.258800	1
0.235200	16
0.245900	12
0.205600	59
0.218300	12
0.211500	2
0.205600	38
0.200500	5
0.211500	16
0.205600	3
0.211500	18
0.200500	28
0.218300	4
0.205600	10
0.200500	63
0.211500	4
0.200500	67
0.191800	2
0.184800	106
0.195900	7
0.191800	10
0.205600	9
0.195900	14
0.211500	25
0.195900	50
0.211500	1
0.205600	11
0.195900	73
0.191800	107
0.200500	2
0.191800	41
0.205600	6
0.195900	9
0.191800	157
0.211500	179
0.226100	4
0.211500	43
0.218300	14
0.211500	3
0.218300	14
0.211500	40
0.226100	14
0.211500	153
0.218300	179
0.211500	23
0.218300	44
0.235200	5
0.218300	18
0.245900	2
0.235200	1
0.218300	11
0.211500	2
0.218300	26
0.211500	4
0.218300	14
0.211500	5
0.218300	95
0.200500	4
0.195900	7
0.200500	12
0.195900	3
0.205600	21
0.218300	21
0.235200	22
0.218300	54
0.235200	12
0.226100	2
0.218300	34
0.226100	2
0.245900	1
0.318000	4
0.392100	5
0.943000	4
2.000000	5
3.050000	15
0.451500	2
0.451900	1
0.681700	16
0.245900	22
3.050000	251
2.000000	2
1.560000	2
2.000000	17
0.943000	23
0.205600	2
0.174400	2
0.181900	20
0.188100	7
3.050000	24
2.000000	2
1.560000	2
0.176700	11
0.181900	7
0.184800	2
0.188100	2
0.218300	4
0.205600	4
0.218300	2
0.226100	9
0.211500	2
0.245900	2
0.258800	4
0.245900	4
0.392100	2
0.245900	2
0.451500	2
0.539600	2
0.451500	28
0.539600	6
0.451500	12
0.539600	2
1.560100	6
0.681700	8
0.539600	13
0.681700	14
1.560100	4
2.000000	10
0.943000	2
0.539600	3
0.943000	4
0.539600	16
0.681700	10
0.451500	18
0.681700	25
1.560100	23
0.943000	16
0.539600	2
0.293700	9
0.318000	17
0.392100	14
0.318000	17
0.392100	5
0.349700	58
0.293700	28
0.258800	11
0.205600	16
0.218300	73
0.205600	26
0.218300	29
0.211500	2
0.184800	16
0.211500	26
0.226100	2
0.211500	18
0.218300	63
0.211500	7
0.188100	4
0.195900	4
0.200500	4
0.195900	25
0.205600	26
0.211500	2
0.205600	9
0.211500	38
0.245900	2
0.258800	2
0.245900	1
0.274400	26
0.318000	13
0.293700	2
0.235200	6
0.258800	25
0.293700	26
0.349700	64
0.392100	101
2.000000	5
1.560100	2
2.000000	10
1.560100	39
0.681700	20
3.050000	23
0.318000	2
0.247800	2
0.318000	25
2.000000	22
0.318000	25
0.451500	6
0.349700	33
0.318000	8
0.349700	16
0.539600	5
0.392100	8
0.349700	37
2.000000	12
0.943000	17
0.681700	4
0.943000	4
0.681700	7
1.560100	4
0.681700	21
0.539600	12
0.943000	6
0.539600	3
0.392100	2
0.451500	29
0.539600	18
0.943000	28
0.539600	39
0.681700	92
0.539600	11
0.681700	25
0.539600	53
0.943000	8
0.681700	6
0.451500	1
0.539600	4
0.451500	46
0.349700	9
0.451500	31
0.943000	4
0.539600	4
0.451500	19
0.392100	13
0.451500	26
0.539600	2
0.681700	3
0.451500	64
3.050000	10
0.451500	1
0.291700	2
0.392100	2
0.451500	6
3.050000	11
0.392100	2
0.291700	2
0.392100	23
0.451500	2
0.539600	4
0.681700	50
1.560100	5
0.681700	37
2.000000	4
1.560100	9
0.681700	38
0.349700	23
0.539600	2
0.451500	11
0.349700	12
0.451500	13
0.539600	11
0.943000	2
0.681700	22
0.943000	55
2.000000	7
3.050000	6
2.000000	1
1.560000	2
2.000000	17
3.050000	188
0.318000	1
0.247800	2
0.318000	30
0.349700	9
0.451500	8
0.349700	3
0.539600	6
0.392100	2
0.451500	6
0.392100	2
0.349700	54
0.293700	54
0.318000	6
0.349700	3
0.318000	2
0.293700	2
0.218300	13
0.211500	2
0.182100	15
0.191200	2
0.196900	26
0.203600	6
0.221200	4
0.247800	6
0.233000	3
0.211600	6
0.221200	7
0.203600	2
0.196900	2
0.186300	8
0.191200	7
0.203600	2
0.182100	17
0.186300	2
0.182100	17
0.178300	16
0.186300	4
0.191200	17
0.196900	6
0.191200	3
0.196900	10
0.451900	32
0.375500	9
0.451900	13
0.582300	18
0.451900	2
0.582300	6
0.291700	2
0.233000	5
0.221200	11
0.186300	2
0.169500	2
0.175100	15
0.191200	20
0.182100	2
0.191200	17
0.203600	26
0.196900	12
0.326000	1
0.375500	41
0.582300	4
0.375500	17
0.326000	26
0.266700	41
0.291700	2
0.266700	6
0.203600	2
0.178300	15
0.186300	2
0.178300	3
0.186300	4
0.191200	24
0.196900	4
0.186300	9
0.182100	8
0.191200	20
0.182100	6
0.191200	15
0.182100	2
0.186300	5
0.196900	6
0.186300	6
0.178300	12
0.182100	6
0.191200	6
0.203600	17
0.266700	5
0.291700	2
0.221200	13
0.326000	13
0.221200	31
0.326000	2
0.375500	2
0.221200	13
0.186300	2
0.191200	1
0.186300	22
0.196900	15
0.182100	4
0.196900	7
0.211600	13
0.191200	32
0.211600	12
0.196900	2
0.221200	4
0.247800	12
0.233000	2
0.211600	2
0.191200	6
0.203600	12
0.233000	14
0.211600	2
0.191200	22
0.211600	1
0.233000	16
0.203600	9
0.221200	2
0.266700	4
0.247800	9
0.221200	60
0.191200	9
0.196900	6
0.191200	52
0.196900	15
0.191200	3
0.196900	8
0.211600	30
0.196900	38
0.211600	3
0.196900	53
0.221200	4
0.211600	6
2.000000	730
0.843800	25
1.560000	4
0.843800	72
1.560000	92
2.000000	12
1.560000	5
0.843800	2
1.560000	43
2.000000	6
1.560000	15
2.000000	5
1.560000	57
2.000000	29
1.560000	112
2.000000	9
1.560000	113
2.000000	7
0.375500	34
0.843800	4
0.451900	9
0.375500	63
0.326000	3
0.375500	10
0.843800	4
0.451900	3
0.582300	6
0.451900	2
0.326000	8
0.291700	3
0.375500	4
0.326000	6
0.291700	5
0.326000	2
0.451900	4
1.560000	8
0.843800	7
0.375500	6
0.582300	20
1.560000	39
0.291700	6
0.266700	7
0.247800	7
0.266700	2
0.326000	2
0.375500	11
0.326000	3
0.451900	4
0.326000	37
0.291700	14
0.326000	11
0.158400	12
0.186300	13
0.178300	7
0.186300	4
0.178300	24
0.186300	2
0.178300	6
0.186300	15
0.182100	5
0.186300	4
0.196900	8
0.211600	1
0.203600	4
0.211600	19
0.196900	5
0.191200	4
0.196900	8
0.203600	31
0.233000	6
0.375500	21
0.326000	2
0.291700	4
0.233000	1
0.191200	4
0.186300	23
0.196900	2
0.203600	13
0.196900	2
0.211600	4
0.196900	9
0.203600	14
0.233000	1
0.203600	12
0.211600	2
0.203600	13
0.221200	4
0.203600	17
0.186300	5
0.182100	10
0.186300	5
0.178300	10
0.175100	3
0.196900	2
0.178300	2
0.196900	40
0.211600	3
0.196900	29
0.203600	32
0.196900	5
0.203600	6
0.211600	16
0.203600	1
0.211600	59
0.247800	15
0.182100	23
0.178300	7
0.186300	53
0.196900	2
0.186300	5
0.196900	28
0.186300	65
0.191200	22
0.186300	15
0.196900	68
0.191200	10
0.196900	11
0.203600	3
0.196900	2
0.221200	9
0.211600	6
0.221200	9
0.196900	164
0.178300	116
0.182100	5
0.178300	15
0.203600	190
0.196900	20
0.203600	14
0.196900	4
0.191200	67
0.203600	7
0.191200	93
0.203600	1
0.211600	6
0.326000	46
0.203600	2
0.191200	92
0.196900	51
0.178300	21
0.172100	22
0.167200	17
0.178300	3
0.169500	10
0.167200	38
0.169500	4
0.167200	100
0.165100	4
0.167200	13
0.165100	4
0.167200	15
0.169500	9
0.175100	13
0.165100	14
0.169500	9
0.159800	15
0.167200	4
0.161400	22
0.159800	30
0.163200	12
0.159800	84
0.165100	4
0.169500	2
0.165100	4
0.169500	14
0.165100	2
0.163200	2
0.167200	4
0.163200	128
0.167200	6
0.163200	4
0.169500	1
0.178300	4
0.169500	8
0.167200	2
0.163200	205
0.167200	62
0.172100	4
0.167200	62
0.169500	22
0.182100	2
0.172100	24
0.169500	32
0.172100	4
0.191200	4
0.186300	2
0.203600	2
0.191200	4
0.196900	20
0.186300	64
0.211600	6
0.203600	19
0.191200	2
0.186300	54
0.196900	6
0.266700	39
0.291700	4
0.266700	3
0.221200	2
0.186300	2
0.182100	20
0.186300	13
0.182100	4
0.186300	2
0.196900	4
0.186300	8
0.178300	82
0.167200	4
0.175100	2
0.182100	3
0.172100	61
0.182100	3
0.175100	22
0.172100	96
0.186300	6
0.175100	8
0.169500	10
0.172100	17
0.182100	2
0.175100	2
0.163200	10
0.161400	6
0.167200	4
0.165100	10
0.161400	22
0.182100	2
0.161400	4
0.182100	2
0.211600	2
0.196900	6
0.182100	80
0.196900	4
0.191200	14
0.186300	4
0.191200	3
0.182100	4
0.196900	4
0.186300	2
0.182100	2
0.186300	6
0.203600	4
0.196900	6
0.191200	2
0.186300	2
0.182100	39
0.196900	2
0.186300	11
0.182100	191
0.191200	6
0.182100	5
0.196900	4
0.186300	9
0.182100	81
0.196900	2
0.203600	22
0.186300	2
0.203600	4
0.191200	16
0.203600	4
0.196900	15
0.203600	10
0.191200	10
0.203600	26
0.221200	7
0.211600	25
0.247800	9
0.233000	11
0.291700	2
0.326000	4
0.266700	5
0.247800	15
0.233000	7
0.211600	8
0.203600	14
0.211600	17
0.247800	12
0.211600	45
0.233000	29
0.211600	24
0.221200	6
0.291700	3
0.266700	2
0.221200	11
0.211600	7
0.247800	2
0.221200	2
0.233000	7
0.247800	4
0.233000	11
0.221200	14
0.211600	2
0.186300	22
0.191200	1
0.178300	4
0.191200	7
0.186300	13
0.203600	5
0.247800	13
0.266700	2
0.375500	4
0.326000	5
0.291700	6
0.247800	7
0.266700	20
0.211600	2
0.186300	14
0.191200	7
0.196900	4
0.211600	27
0.203600	2
0.191200	13
0.203600	34
0.191200	16
0.196900	5
0.191200	26
0.203600	38
0.191200	18
0.203600	16
0.221200	7
0.233000	2
0.266700	11
0.247800	2
0.233000	18
0.221200	3
0.233000	18
0.196900	16
0.233000	4
0.221200	11
0.203600	3
0.196900	122
0.191200	5
0.186300	11
0.191200	56
0.211600	5
0.191200	20
0.172100	10
0.169500	16
0.175100	22
0.186300	4
0.191200	4
0.211600	5
0.196900	2
0.191200	2
0.186300	7
0.196900	9
0.191200	6
0.182100	40
0.186300	3
0.203600	2
0.196900	9
0.203600	14
0.186300	38
0.191200	2
0.186300	6
0.203600	5
0.186300	22
0.182100	2
0.178300	3
0.182100	13
0.178300	3
0.182100	11
0.186300	4
0.182100	3
0.186300	2
0.182100	6
0.186300	43
0.211600	49
0.247800	4
0.266700	2
0.221200	25
0.247800	4
0.221200	5
0.266700	4
0.247800	11
0.221200	2
0.211600	3
0.196900	4
0.186300	13
0.196900	5
0.203600	56
0.211600	2
0.203600	15
0.191200	4
0.186300	1
0.191200	30
0.186300	2
0.182100	15
0.186300	11
0.172100	9
0.175100	7
0.182100	19
0.191200	78
0.221200	6
0.196900	9
0.191200	53
0.186300	2
0.191200	13
0.175100	6
0.178300	13
0.172100	2
0.175100	2
0.178300	15
0.182100	2
0.186300	17
0.182100	48
0.191200	10
0.196900	1
0.191200	42
0.186300	2
0.182100	5
0.186300	8
0.191200	2
0.203600	3
0.191200	6
0.186300	54
0.211600	4
0.191200	24
0.186300	49
0.203600	33
0.233000	4
0.203600	33
0.233000	24
0.247800	10
0.233000	19
0.247800	7
0.291700	9
0.266700	9
0.291700	17
0.247800	9
0.233000	8
0.247800	16
0.233000	17
0.247800	11
0.266700	2
0.247800	5
0.221200	42
0.203600	118
0.233000	2
0.221200	11
0.203600	15
0.196900	34
0.186300	13
0.191200	115
0.196900	4
0.186300	11
0.196900	2
0.186300	2
0.191200	2
0.203600	2
0.196900	2
0.203600	42
0.196900	4
0.203600	6
0.196900	2
0.203600	2
0.221200	5
0.211600	8
0.196900	11
0.203600	2
0.191200	2
0.196900	3
0.211600	2
0.203600	6
0.196900	47
0.203600	11
0.221200	2
0.211600	12
0.196900	3
0.203600	8
0.211600	27
0.233000	82
0.291700	9
0.266700	2
0.233000	6
0.266700	3
0.326000	2
0.291700	2
0.266700	24
0.291700	13
0.266700	14
0.326000	6
0.451900	3
0.582300	4
0.451900	6
0.375500	8
0.326000	3
0.375500	20
0.326000	11
0.233000	2
0.247800	14
0.233000	19
0.291700	4
2.000000	20
1.560000	8
0.291700	2
0.247800	15
0.266700	42
0.247800	13
0.233000	12
0.247800	3
0.326000	29
0.375500	10
0.291700	3
0.266700	4
0.326000	2
0.291700	6
0.326000	2
0.375500	5
0.451900	19
0.291700	18
0.326000	5
0.291700	25
0.247800	38
0.233000	89
0.247800	4
0.266700	19
0.233000	35
0.221200	4
0.233000	7
0.247800	6
0.233000	7
0.266700	2
0.233000	34
0.221200	11
0.247800	8
0.291700	3
0.266700	2
0.233000	18
0.221200	14
0.211600	2
0.186300	16
0.191200	4
0.196900	3
0.203600	13
0.211600	45
0.203600	75
0.233000	17
0.196900	36
0.221200	3
0.203600	2
0.211600	15
0.233000	3
0.221200	35
0.326000	13
0.375500	20
0.326000	16
0.843800	4
1.560000	4
0.326000	3
0.266700	4
0.582300	13
0.451900	2
0.266700	3
1.560000	21
0.582300	7
0.843800	4
0.582300	2
0.375500	40
0.451900	7
0.375500	4
0.326000	41
0.375500	15
0.326000	2
0.375500	73
0.451900	124
0.375500	18
0.451900	6
0.582300	9
0.451900	17
0.375500	18
0.451900	12
0.582300	19
0.451900	10
0.582300	18
0.451900	15
1.560000	2
0.451900	21
0.582300	13
0.451900	19
0.582300	20
0.451900	13
0.326000	42
0.375500	27
2.000000	5
1.560000	9
0.843800	13
1.560000	9
0.843800	25
2.000000	2
1.560000	6
2.000000	30
0.843800	64
1.560000	74
0.843800	59
2.000000	9
0.843800	7
0.582300	11
0.843800	30
0.582300	86
0.843800	87
2.000000	5
0.843800	2
0.582300	53
0.843800	13
0.582300	3
0.843800	14
0.582300	148
0.843800	23
0.582300	23
0.843800	13
0.582300	38
0.375500	36
0.843800	9
0.375500	28
0.843800	9
0.582300	11
1.560000	30
0.375500	78
0.291700	16
0.375500	9
0.291700	13
0.326000	29
0.451900	11
0.582300	15
0.451900	3
0.582300	6
0.375500	6
0.451900	1
0.221200	2
0.211600	2
0.203600	9
0.233000	40
0.221200	9
0.211600	33
0.203600	5
0.211600	7
0.221200	22
0.247800	9
0.291700	1
0.233000	6
0.211600	9
0.203600	9
0.221200	5
0.203600	15
0.211600	14
0.221200	11
0.211600	20
0.221200	12
0.233000	3
0.266700	8
0.233000	14
0.266700	9
0.326000	9
0.291700	2
0.266700	11
0.326000	12
0.266700	4
0.247800	57
0.266700	19
0.247800	7
0.233000	25
0.247800	15
0.233000	3
0.221200	34
0.211600	25
0.203600	2
0.211600	11
0.203600	88
0.221200	18
0.211600	2
0.221200	2
0.211600	1
0.203600	6
0.211600	5
0.203600	4
0.211600	14
0.203600	4
0.211600	34
0.221200	9
0.211600	190
0.221200	9
0.211600	82
0.196900	177
0.191200	3
0.196900	13
0.191200	2
0.182100	20
0.186300	158
0.182100	30
0.178300	20
0.182100	241
0.191200	7
0.182100	28
0.186300	17
0.182100	19
0.186300	14
0.182100	112
0.196900	11
0.182100	94
0.186300	4
0.182100	8
0.191200	9
0.182100	31
0.178300	1
0.165100	8
0.167200	3
0.165100	73
0.169500	21
0.165100	21
0.172100	18
0.169500	2
0.165100	77
0.169500	9
0.165100	7
0.167200	13
0.165100	3
0.167200	16
0.165100	4
0.167200	244
0.169500	12
0.167200	235
0.172100	7
0.169500	2
0.165100	18
0.167200	14
0.165100	4
0.167200	47
0.169500	11
0.167200	52
0.172100	11
0.169500	2
0.167200	26
0.165100	27
0.167200	182
0.165100	51
0.167200	11
0.165100	84
0.163200	4
0.165100	11
0.163200	24
0.167200	7
0.163200	8
0.161400	5
0.163200	36
0.161400	7
0.165100	4
0.163200	2
0.161400	104
0.167200	22
0.161400	64
0.167200	6
0.186300	22
0.182100	5
0.159800	85
0.161400	14
0.167200	11
0.161400	118
0.163200	3
0.165100	11
0.163200	13
0.167200	14
0.163200	54
0.167200	5
0.172100	4
0.163200	6
0.167200	3
0.163200	25
0.167200	6
0.163200	12
0.165100	4
0.169500	6
0.163200	3
0.167200	4
0.163200	3
0.165100	6
0.163200	2
0.165100	14
0.163200	9
0.167200	12
0.163200	4
0.172100	6
0.163200	3
0.167200	5
0.163200	20
0.165100	5
0.163200	29
0.167200	6
0.165100	11
0.163200	1
0.165100	4
0.167200	7
0.165100	2
0.163200	20
0.167200	6
0.163200	16
0.161400	64
0.178300	6
0.175100	16
0.178300	29
0.182100	13
0.191200	15
0.186300	15
0.191200	1
0.196900	11
0.191200	10
0.182100	7
0.247800	5
0.266700	13
0.221200	2
0.191200	11
0.186300	15
0.247800	105
0.233000	50
0.196900	16
0.186300	2
0.182100	14
0.186300	2
0.165100	21
0.163200	8
0.165100	38
0.175100	4
0.172100	1
0.165100	21
0.167200	2
0.169500	5
0.172100	2
0.175100	4
0.169500	2
0.178300	3
0.172100	4
0.167200	13
0.172100	3
0.169500	26
0.165100	13
0.167200	9
0.175100	4
0.182100	7
0.186300	2
0.191200	4
0.186300	5
0.182100	10
0.178300	14
0.172100	4
0.175100	8
0.172100	9
0.178300	7
0.175100	8
0.172100	4
0.175100	2
0.178300	3
0.186300	4
0.178300	4
0.182100	4
0.175100	10
0.172100	1
0.175100	6
0.172100	9
0.169500	4
0.172100	7
0.178300	2
0.175100	2
0.182100	15
0.175100	14
0.169500	40
0.175100	33
0.182100	16
0.196900	2
0.186300	4
0.182100	2
0.175100	7
0.172100	11
0.167200	1
0.172100	26
0.169500	3
0.175100	26
0.182100	8
0.191200	7
0.186300	100
0.191200	11
0.186300	22
0.191200	4
0.196900	2
0.191200	2
0.196900	17
0.178300	22
0.172100	4
0.175100	4
0.191200	2
0.182100	2
0.186300	7
0.191200	13
0.182100	60
0.178300	4
0.182100	11
0.191200	2
0.186300	4
0.191200	15
0.186300	3
0.191200	57
0.203600	2
0.196900	44
0.203600	81
0.196900	6
0.191200	1
0.186300	4
0.191200	15
0.196900	4
0.203600	2
0.221200	2
0.211600	7
0.203600	4
0.191200	2
0.451900	2
0.375500	10
0.191200	8
0.196900	26
0.211600	2
0.196900	6
0.191200	2
0.186300	4
0.182100	2
0.186300	4
0.191200	3
0.203600	14
0.233000	2
0.211600	2
0.203600	4
0.221200	16
0.203600	8
0.221200	4
0.233000	2
0.221200	7
0.203600	58
0.221200	2
0.203600	5
0.191200	8
0.203600	20
0.196900	12
0.221200	8
0.375500	11
0.451900	9
0.375500	5
0.196900	8
0.191200	11
0.203600	28
0.211600	3
0.196900	18
0.221200	4
0.375500	11
0.291700	17
0.221200	2
0.186300	12
0.182100	44
0.186300	2
0.191200	4
0.186300	1
0.167200	8
0.165100	5
0.167200	29
0.163200	4
0.167200	2
0.165100	4
0.163200	14
0.167200	51
0.169500	92
0.175100	47
0.167200	66
0.169500	63
0.167200	23
0.172100	14
0.182100	2
0.178300	2
0.172100	16
0.167200	10
0.169500	51
0.172100	2
0.169500	66
0.167200	22
0.169500	39
0.175100	2
0.172100	11
0.169500	1
0.167200	6
0.178300	3
0.169500	4
0.172100	7
0.182100	2
0.172100	11
0.169500	8
0.175100	8
0.178300	5
0.172100	2
0.169500	25
0.172100	14
0.175100	4
0.169500	30
0.175100	4
0.172100	8
0.169500	6
0.172100	5
0.178300	2
0.172100	4
0.203100	1
0.172100	6
0.169500	14
0.203100	11
0.165100	12
0.203100	11
0.165100	2
0.167200	9
0.203100	7
0.167200	16
0.203100	7
0.167200	7
0.172100	4
0.167200	5
0.203100	9
0.165100	2
0.167200	3
0.165100	17
0.203100	1
0.175100	13
0.182100	4
0.203100	14
0.167200	12
0.163200	4
0.165100	4
0.203100	1
0.165100	22
0.203100	2
0.165100	18
0.169500	1
0.172100	2
0.203100	2
0.169500	2
0.191200	9
0.203600	1
0.196900	8
0.186300	1
0.196900	4
0.203100	9
0.196900	4
0.178300	1
0.165100	11
0.203100	2
0.165100	29
0.172100	3
0.167200	47
0.172100	48
0.178300	18
0.172100	13
0.169500	5
0.172100	2
0.169500	2
0.172100	39
0.165100	16
0.163200	2
0.169500	5
0.191200	27
0.163200	7
0.175100	11
0.172100	9
0.161400	21
0.163200	23
0.165100	4
0.163200	17
0.161400	9
0.169500	4
0.163200	12
0.161400	18
0.163200	4
0.159800	3
0.161400	2
0.165100	4
0.158400	74
0.159800	34
0.163200	24
0.159800	15
0.158400	9
0.159800	32
0.161400	22
0.159800	3
0.158400	35
0.161400	4
0.163200	3
0.161400	14
0.158400	50
0.159800	48
0.163200	3
0.159800	13
0.165100	4
0.161400	4
0.169500	5
0.167200	2
0.165100	7
0.163200	2
0.159800	3
0.158400	16
0.161400	13
0.159800	2
0.158400	12
0.159800	88
0.158400	5
0.159800	11
0.163200	3
0.159800	14
0.163200	11
0.169500	1
0.167200	4
0.161400	7
0.163200	14
0.161400	4
0.163200	13
0.161400	14
0.163200	7
0.169500	2
0.167200	3
0.182100	8
0.191200	5
0.182100	3
0.175100	12
0.172100	1
0.175100	9
0.158400	18
0.159800	2
0.161400	14
0.159800	3
0.161400	9
0.159800	2
0.158400	2
0.157000	28
0.158400	7
0.161400	10
0.163200	13
0.161400	24
0.159800	14
0.161400	55
0.159800	2
0.165100	2
0.161400	2
0.158400	4
0.159800	9
0.161400	4
0.163200	3
0.161400	2
0.158400	15
0.161400	5
0.550000	4
0.529100	2
0.502800	1
0.479700	2
0.157000	15
0.159800	11
0.161400	49
0.158400	7
0.161400	2
0.157000	2
0.159800	3
0.161400	6
0.163200	9
0.165100	2
0.163200	28
0.165100	5
0.169500	7
0.167200	2
0.165100	11
0.163200	10
0.159800	9
0.155800	22
0.153600	83
0.152600	7
0.153600	4
0.152600	17
0.155800	2
0.152600	14
0.154700	9
0.155800	23
0.157000	1
0.154700	14
0.153600	21
0.152600	76
0.153600	52
0.155800	4
0.154700	10
0.152600	318
0.155800	4
0.153600	13
0.152600	14
0.155800	4
0.154700	5
0.158400	5
0.157000	2
0.158400	4
0.157000	3
0.152600	6
0.153600	12
0.152600	16
0.154700	5
0.152600	130
0.153600	3
0.152600	59
0.155800	5
0.163200	38
0.152600	166
0.154700	39
0.157000	65
0.158400	65
0.190000	50
0.188200	57
0.178800	17
0.183100	20
0.190000	2
0.185600	11
0.183100	9
0.185600	2
0.180900	56
0.178800	78
0.183100	2
0.185600	3
0.178800	5
0.183100	4
0.178800	48
0.183100	25
0.178800	2
0.180900	17
0.178800	43
0.180900	16
0.178800	3
0.180900	12
0.178800	4
0.180900	46
0.185600	5
0.180900	16
0.188200	2
0.183100	13
0.180900	127
0.188200	5
0.183100	9
0.180900	21
0.185600	12
0.180900	11
0.185600	12
0.188200	7
0.183100	15
0.185600	3
0.180900	12
0.185600	4
0.183100	21
0.180900	89
0.183100	1
0.180900	56
0.185600	2
0.180900	8
0.178800	5
0.180900	15
0.178800	19
0.180900	40
0.188200	4
0.190000	29
0.180900	197
0.188200	2
0.190000	5
0.185600	7
0.183100	11
0.180900	154
0.188200	3
0.185600	9
0.183100	2
0.188200	5
0.183100	9
0.180900	23
0.178800	39
0.180900	21
0.190000	7
0.183100	7
0.185600	2
0.183100	14
0.188200	11
0.183100	16
0.190000	5
0.185600	9
0.183100	11
0.180900	96
0.185600	3
0.180900	43
0.153600	9
0.154700	3
0.153600	4
0.157000	5
0.154700	9
0.153600	12
0.157000	4
0.154700	18
0.158400	3
0.155800	2
0.154700	9
0.153600	7
0.157000	5
0.154700	9
0.153600	11
0.157000	5
0.155800	14
0.158400	4
0.157000	2
0.155800	18
0.153600	101
0.152600	3
0.153600	14
0.152600	6
0.157000	3
0.154700	9
0.153600	2
0.152600	11
0.154700	13
0.152600	380
0.155800	5
0.163200	29
0.152600	66
0.153600	14
0.152600	8
0.157000	5
0.155800	4
0.158400	3
0.159800	2
0.158400	9
0.157000	2
0.154700	1
0.153600	6
0.155800	8
0.158400	2
0.155800	7
0.158400	2
0.155800	5
0.153600	2
0.155800	4
0.153600	154
0.154700	39
0.158400	5
0.155800	9
0.154700	32
0.157000	2
0.154700	23
0.157000	86
0.158400	69
0.157000	23
0.159800	3
0.158400	2
0.157000	4
0.161400	3
0.158400	2
0.157000	11
0.155800	3
0.157000	9
0.154700	3
0.153600	9
0.155800	7
0.153600	85
0.155800	23
0.153600	177
0.157000	43
0.158400	3
0.157000	14
0.153600	34
0.157000	57
0.153600	9
0.155800	12
0.154700	2
0.153600	5
0.157000	4
0.154700	9
0.153600	25
0.154700	2
0.158400	13
0.157000	8
0.159800	2
0.157000	4
0.158400	5
0.161400	2
0.158400	9
0.157000	7
0.155800	4
0.157000	5
0.153600	5
0.152600	13
0.159800	2
0.158400	14
0.157000	2
0.155800	18
0.157000	6
0.158400	2
0.157000	8
0.155800	14
0.157000	27
0.155800	4
0.157000	8
0.155800	4
0.157000	15
0.155800	10
0.157000	43
0.159800	6
0.172100	2
0.169500	10
0.175100	2
0.172100	4
0.167200	8
0.169500	2
0.200000	17
0.198100	7
0.200000	13
0.198100	33
0.200000	224
0.230000	93
0.212500	9
0.204700	1
0.208400	2
0.204700	2
0.208400	2
0.204700	9
0.212500	4
0.208400	8
0.204700	4
0.240000	1409
0.234600	4
0.239700	32
0.240000	3
0.239700	43
0.240000	131
0.239700	129
0.240000	279
0.239700	72
0.240000	109
0.220900	4
0.227300	2
0.240000	4
0.220900	2
0.194200	7
0.197600	41
0.205500	5
0.201400	28
0.205500	46
0.215200	2
0.210100	27
0.201400	37
0.205500	3
0.215200	6
0.210100	5
0.240000	41
0.197600	2
0.201400	3
0.197600	6
0.205500	73
0.210100	26
0.205500	44
0.197600	52
0.205500	29
0.197600	15
0.205500	8
0.197600	26
0.205500	2
0.197600	46
0.194200	4
0.197600	4
0.240000	76
0.275400	39
0.265900	51
0.286100	2
0.265900	4
0.275400	2
0.298300	24
0.328700	4
0.298300	24
0.370500	20
0.312400	15
0.347800	5
0.312400	20
0.500000	27
0.397900	4
0.370500	21
0.328700	45
0.347800	8
0.312400	21
0.370500	2
0.347800	11
0.312400	8
0.347800	46
0.265900	47
0.257500	4
0.265900	14
0.257500	2
0.265900	25
0.286100	2
0.275400	3
0.328700	6
0.275400	9
0.265900	19
0.226500	18
0.231500	4
0.226500	19
0.243200	2
0.231500	11
0.226500	83
0.231500	34
0.226500	8
0.243200	25
0.257500	9
0.250000	9
0.257500	74
0.275400	24
0.243200	82
0.237100	2
0.250000	27
0.237100	7
0.257500	6
0.328700	21
0.347800	4
0.370500	1
0.347800	2
0.328700	6
0.370500	3
0.250000	25
0.237100	11
0.231500	3
0.237100	13
0.231500	73
0.243200	25
0.231500	7
0.243200	27
0.237100	18
0.226500	9
0.231500	10
0.237100	80
0.231500	2
0.226500	3
0.243200	6
0.237100	7
0.231500	5
0.226500	2
0.243200	6
0.226500	9
0.231500	31
0.226500	2
0.221900	14
0.226500	34
0.221900	16
0.265900	1
0.221900	4
0.265900	9
0.286100	12
0.265900	37
0.286100	2
0.328700	4
0.298300	5
0.286100	2
0.298300	2
0.286100	25
0.265900	19
0.250000	101
0.265900	20
0.275400	4
0.257500	14
0.275400	2
0.298300	20
0.312400	11
0.286100	52
0.328700	10
0.286100	14
0.312400	4
0.328700	5
0.312400	2
0.328700	9
0.298300	2
0.328700	62
0.370500	5
0.328700	42
0.370500	5
0.328700	4
0.347800	35
0.312400	33
0.298300	52
0.275400	3
0.286100	22
0.312400	6
0.286100	7
0.275400	24
0.312400	6
0.286100	19
0.275400	2
0.298300	22
0.328700	9
0.298300	126
0.257500	52
0.265900	23
0.298300	2
0.286100	6
0.312400	4
0.473300	14
0.397900	24
0.257500	62
0.265900	39
0.275400	8
0.312400	2
0.298300	3
0.275400	10
0.265900	3
0.275400	4
0.231500	24
0.226500	41
0.213700	11
0.221900	8
0.226500	12
0.221900	2
0.226500	72
0.221900	6
0.226500	84
0.221900	2
0.226500	154
0.221900	29
0.286100	2
0.221900	4
0.286100	92
0.298300	61
0.312400	14
0.298300	3
0.312400	12
0.298300	45
0.347800	7
0.298300	2
0.370500	24
0.347800	61
0.328700	2
0.298300	7
0.347800	5
0.328700	9
0.298300	1
0.397900	2
0.431400	5
0.473300	11
0.500000	64
0.473300	4
0.298300	15
0.275400	68
0.312400	5
0.298300	9
0.275400	3
0.231500	10
0.275400	11
0.257500	3
0.286100	7
0.275400	7
0.257500	30
0.265900	7
0.286100	3
0.265900	45
0.286100	14
0.265900	18
0.275400	1
0.265900	48
0.286100	14
0.265900	17
0.298300	4
0.370500	2
0.397900	67
0.265900	29
0.312400	6
0.298300	10
0.265900	57
0.250000	22
0.237100	26
0.226500	8
0.243200	2
0.237100	12
0.226500	3
0.243200	4
0.231500	10
0.226500	24
0.275400	64
0.286100	4
0.298300	19
0.286100	1
0.265900	72
0.286100	5
0.275400	2
0.298300	2
0.275400	3
0.265900	7
0.226500	14
0.312400	2
0.226500	27
0.265900	154
0.298300	1
0.286100	6
0.275400	6
0.265900	279
0.275400	3
0.298300	21
0.265900	13
0.275400	19
0.265900	10
0.347800	5
0.370500	10
0.397900	2
0.431400	1
0.473300	28
0.431400	1
0.473300	26
0.265900	56
0.286100	14
0.265900	29
0.237100	22
0.226500	38
0.221900	33
0.237100	5
0.250000	149
0.286100	6
0.347800	68
0.250000	57
0.257500	29
0.250000	3
0.257500	16
0.265900	3
0.257500	126
0.265900	42
0.298300	4
0.275400	8
0.265900	2
0.257500	20
0.286100	4
0.265900	10
0.257500	86
0.298300	4
0.328700	12
0.298300	27
0.257500	11
0.275400	12
0.265900	2
0.257500	47
0.275400	12
0.265900	2
0.257500	63
0.275400	1
0.257500	4
0.275400	132
0.286100	128
0.275400	79
0.347800	1
0.370500	6
0.397900	10
0.473300	2
0.500000	54
0.275400	73
0.286100	1
0.298300	4
0.286100	45
0.250000	4
0.265900	2
0.250000	3
0.265900	2
0.286100	4
0.265900	5
0.286100	4
0.275400	28
0.243200	6
0.257500	72
0.250000	14
0.397900	2
0.250000	75
0.265900	2
0.286100	2
0.347800	2
0.312400	3
0.397900	2
0.473300	4
0.397900	61
0.265900	6
0.286100	2
0.265900	3
0.286100	102
0.265900	2
0.275400	19
0.243200	54
0.328700	4
0.473300	23
0.500000	5
0.473300	2
0.431400	22
0.500000	158
0.370500	33
0.328700	9
0.298300	5
0.275400	12
0.298300	49
0.328700	7
0.370500	7
0.328700	11
0.298300	7
0.257500	45
0.265900	3
0.257500	103
0.250000	47
0.265900	2
0.250000	76
0.265900	9
0.275400	4
0.257500	12
0.250000	3
0.257500	12
0.250000	5
0.257500	31
0.286100	5
0.265900	4
0.275400	41
0.298300	1
0.286100	2
0.347800	7
0.370500	9
0.397900	1
0.431400	2
0.473300	15
0.500000	7
0.473300	32
0.265900	4
0.312400	3
0.347800	5
0.286100	3
0.265900	65
0.286100	25
0.265900	12
0.237100	21
0.226500	41
0.221900	88
0.226500	3
0.250000	9
0.226500	12
0.237100	14
0.226500	43
0.243200	5
0.275400	9
0.286100	3
0.312400	4
0.286100	5
0.275400	3
0.286100	12
0.298300	14
0.328700	7
0.347800	2
0.312400	9
0.237100	8
0.243200	7
0.231500	7
0.226500	1
0.231500	2
0.257500	7
0.243200	12
0.250000	2
0.257500	8
0.275400	4
0.257500	5
0.243200	5
0.257500	9
0.250000	79
0.265900	14
0.275400	24
0.257500	19
0.275400	3
0.265900	14
0.286100	5
0.275400	7
0.298300	34
0.286100	34
0.312400	21
0.286100	15
0.298300	14
0.275400	10
0.257500	21
0.275400	15
0.500000	2
0.275400	3
0.298300	12
0.275400	5
0.312400	9
0.286100	14
0.275400	1
0.250000	2
0.265900	2
0.275400	7
0.257500	7
0.250000	5
0.286100	9
0.265900	7
0.290000	106
0.298300	3
0.290000	48
0.298300	3
0.312400	44
0.328700	2
0.312400	2
0.298300	9
0.328700	1
0.298300	110
0.312400	11
0.290000	116
0.328700	3
0.312400	2
0.397900	11
0.370500	2
0.431400	5
0.500000	21
0.473300	3
0.500000	14
0.473300	6
0.500000	8
0.290000	4
0.298300	9
0.290000	5
0.328700	3
0.312400	4
0.298300	21
0.290000	30
0.347800	3
0.370500	2
0.397900	7
0.431400	2
0.473300	2
0.500000	17
0.431400	9
0.290000	7
0.298300	6
0.290000	171
0.312400	18
0.290000	26
0.328700	4
0.431400	45
0.500000	1
0.431400	23
0.290000	3
0.298300	4
0.397900	3
0.347800	5
0.370500	12
0.328700	4
0.347800	2
0.328700	1
0.290000	78
0.298300	4
0.312400	12
0.328700	9
0.298300	17
0.290000	33
0.312400	19
0.347800	2
0.328700	2
0.290000	153
0.312400	5
0.290000	219
0.298300	6
0.431400	46
0.312400	1
0.290000	7
0.312400	4
0.328700	2
0.298300	8
0.328700	9
0.500000	19
0.473300	12
0.500000	80
0.431400	52
0.397900	11
0.370500	2
0.431400	5
0.370500	2
0.347800	8
0.312400	86
0.473300	5
0.500000	13
0.473300	3
0.500000	52
0.290000	272
0.473300	3
0.500000	2
0.473300	2
0.500000	10
0.290000	4
0.328700	8
0.298300	9
0.328700	37
0.431400	5
0.500000	43
0.473300	16
0.431400	5
0.500000	3
0.298300	2
0.290000	7
0.298300	5
0.328700	9
0.298300	12
0.290000	214
0.298300	22
0.290000	394
0.312400	26
0.347800	6
0.312400	13
0.290000	4
0.298300	7
0.290000	9
0.298300	48
0.328700	11
0.312400	11
0.290000	8
0.328700	3
0.298300	11
0.290000	109
0.312400	3
0.290000	13
0.397900	6
0.431400	12
0.473300	2
0.500000	64
0.298300	2
0.328700	5
0.298300	20
0.328700	14
0.298300	58
0.290000	243
0.328700	51
0.370500	17
0.290000	307
0.328700	4
0.298300	2
0.312400	3
0.298300	4
0.312400	4
0.298300	34
0.290000	46
0.298300	5
0.328700	4
0.298300	38
0.290000	4
0.298300	5
0.328700	80
0.397900	6
0.370500	9
0.328700	29
0.370500	20
0.397900	7
0.370500	2
0.397900	6
0.370500	32
0.397900	48
0.347800	20
0.370500	2
0.397900	46
0.500000	383
0.431400	21
0.347800	22
0.312400	144
0.286100	16
0.328700	6
0.298300	2
0.312400	14
0.347800	3
0.328700	36
0.312400	14
0.328700	102
0.370500	4
0.347800	9
0.328700	47
0.298300	65
0.347800	7
0.312400	7
0.298300	50
0.328700	2
0.312400	3
0.328700	5
0.298300	2
0.312400	4
0.347800	7
0.312400	5
0.347800	88
0.312400	29
0.298300	42
0.312400	3
0.328700	4
0.298300	12
0.286100	3
0.298300	40
0.286100	5
0.298300	5
0.286100	4
0.298300	67
0.312400	83
0.347800	1
0.312400	71
0.298300	40
0.328700	5
0.298300	151
0.347800	3
0.328700	10
0.298300	2
0.275400	10
0.328700	2
0.347800	22
0.312400	2
0.275400	3
0.298300	7
0.275400	10
0.298300	7
0.328700	2
0.176000	9
0.174800	6
0.176000	5
0.178800	9
0.176000	9
0.178800	20
0.177400	16
0.178800	10
0.185200	5
0.181800	7
0.178800	13
0.181800	2
0.178800	2
0.181800	9
0.178800	34
0.183400	39
0.181800	2
0.178800	372
0.177400	59
0.178800	106
0.181800	3
0.178800	173
0.180200	5
0.178800	7
0.183400	14
0.180200	2
0.178800	86
0.183400	2
0.180200	12
0.178800	23
0.180200	67
0.178800	4
0.180200	39
0.178800	33
0.181800	6
0.178800	17
0.183400	2
0.185200	1
0.183400	25
0.178800	43
0.183400	5
0.180200	8
0.178800	2
0.181800	4
0.178800	70
0.187000	1
0.180200	5
0.187000	17
0.178800	4
0.189000	104
0.195600	3
0.193200	9
0.191000	12
0.187000	119
0.195600	4
0.189000	10
0.187000	13
0.189000	42
0.178100	2
0.189000	81
0.193200	6
0.189000	7
0.193200	208
0.195600	47
0.397900	4
0.473300	9
0.500000	83
0.370500	18
0.500000	68
0.370500	2
0.298300	22
0.275400	24
0.298300	2
0.275400	4
0.298300	33
0.275400	15
0.298300	166
0.275400	31
0.265900	42
0.275400	2
0.265900	121
0.275400	15
0.265900	9
0.275400	4
0.265900	120
0.298300	5
0.370500	25
0.265900	3
0.275400	4
0.265900	69
0.275400	48
0.328700	5
0.312400	8
0.265900	13
0.312400	18
0.265900	3
0.347800	16
0.275400	1
0.286100	2
0.275400	4
0.312400	13
0.286100	31
0.275400	6
0.286100	5
0.275400	6
0.286100	11
0.275400	18
0.298300	2
0.286100	7
0.397900	2
0.347800	13
0.328700	3
0.257500	22
0.275400	7
0.257500	11
0.286100	6
0.275400	20
0.257500	133
0.431400	7
0.200800	2
0.206800	13
0.200800	4
0.213700	21
0.226500	22
0.286100	26
0.312400	32
0.347800	2
0.370500	3
0.347800	18
0.312400	3
0.328700	5
0.312400	11
0.298300	25
0.347800	5
0.370500	4
0.397900	12
0.347800	16
0.328700	14
0.347800	43
0.370500	1
0.431400	6
0.397900	2
0.370500	1
0.473300	5
0.431400	9
0.397900	25
0.473300	4
0.397900	7
0.347800	28
0.370500	4
0.328700	20
0.370500	12
0.328700	9
0.370500	21
0.328700	132
0.347800	10
0.328700	54
0.231500	14
0.226500	146
0.221900	4
0.226500	3
0.231500	7
0.226500	5
0.250000	4
0.243200	12
0.231500	10
0.226500	4
0.231500	7
0.226500	1
0.231500	35
0.237100	7
0.257500	2
0.250000	3
0.286100	26
0.250000	2
0.231500	24
0.243200	7
0.231500	19
0.250000	22
0.231500	302
0.221900	33
0.226500	21
0.221900	43
0.217600	3
0.221900	8
0.217600	77
0.213700	2
0.200800	1
0.189000	2
0.187000	125
0.195600	1
0.181800	4
0.185200	2
0.181800	2
0.185200	20
0.181800	42
0.185200	17
0.183400	5
0.185200	6
0.191000	7
0.193200	4
0.191000	11
0.193200	4
0.187000	44
0.193200	6
0.191000	9
0.187000	45
0.183400	9
0.189000	4
0.185200	11
0.191000	25
0.189000	22
0.191000	1
0.189000	4
0.187000	2
0.189000	4
0.191000	28
0.189000	13
0.191000	8
0.187000	23
0.189000	39
0.185200	15
0.183400	4
0.187000	22
0.189000	2
0.187000	16
0.189000	2
0.187000	2
0.189000	2
0.187000	2
0.189000	2
0.187000	7
0.185200	4
0.189000	5
0.185200	8
0.183400	7
0.185200	2
0.183400	20
0.191000	6
0.189000	9
0.183400	2
0.187000	13
0.193200	5
0.191000	8
0.187000	27
0.189000	32
0.191000	4
0.189000	18
0.193200	22
0.191000	2
0.189000	34
0.191000	77
0.198100	36
0.200800	12
0.198100	34
0.203700	20
0.206800	2
0.210100	4
0.206800	6
0.213700	30
0.217600	3
0.213700	21
0.200800	24
0.210100	2
0.203700	9
0.210100	17
0.206800	60
0.200800	29
0.206800	34
0.217600	4
0.210100	13
0.206800	27
0.200800	28
0.203700	2
0.213700	13
0.203700	63
0.200800	4
0.206800	8
0.200800	9
0.206800	13
0.213700	73
0.210100	25
0.206800	4
0.213700	5
0.210100	13
0.217600	4
0.210100	4
0.217600	60
0.210100	43
0.217600	21
0.210100	37
0.217600	9
0.226500	6
0.217600	20
0.210100	9
0.213700	28
0.221900	6
0.226500	7
0.221900	30
0.213700	20
0.217600	127
0.275400	12
0.286100	14
0.221900	2
0.226500	2
0.250000	6
0.286100	277
0.221900	200
0.217600	6
0.221900	4
0.226500	26
0.231500	22
0.237100	6
0.243200	32
0.265900	4
0.250000	11
0.243200	22
0.231500	10
0.243200	158
0.237100	8
0.243200	118
0.237100	41
0.250000	40
0.243200	13
0.257500	35
0.250000	49
0.257500	13
0.250000	72
0.275400	4
0.257500	3
0.265900	8
0.257500	32
0.231500	24
0.243200	37
0.231500	6
0.243200	4
0.257500	1
0.250000	19
0.237100	15
0.298300	4
0.328700	24
0.298300	65
0.328700	10
0.298300	16
0.328700	8
0.298300	47
0.328700	26
0.298300	11
0.328700	11
0.298300	147
0.312400	6
0.298300	5
0.312400	41
0.298300	3
0.312400	8
0.298300	25
0.312400	8
0.298300	225
0.328700	13
0.370500	9
0.328700	13
0.298300	60
0.328700	18
0.298300	23
0.328700	22
0.298300	222
0.312400	23
0.298300	293
0.328700	6
0.298300	48
0.312400	9
0.298300	87
0.312400	5
0.298300	6
0.312400	151
0.328700	9
0.312400	276
0.328700	11
0.312400	52
0.298300	2
0.312400	41
0.298300	13
0.312400	312
0.328700	66
0.370500	3
0.431400	6
0.370500	5
0.328700	2
0.347800	11
0.328700	126
0.347800	4
0.328700	1
0.312400	306
0.347800	11
0.312400	41
0.328700	3
0.312400	18
0.328700	9
0.370500	11
0.347800	7
0.370500	2
0.328700	44
0.397900	4
0.431400	7
0.500000	2
0.397900	3
0.370500	4
0.328700	11
0.370500	79
0.397900	34
0.473300	11
0.431400	2
0.397900	290
0.473300	9
0.500000	9
0.473300	6
0.397900	135
0.473300	1
0.431400	37
0.370500	19
0.397900	49
0.500000	11
0.473300	2
0.397900	23
0.473300	16
0.500000	4
0.473300	58
0.500000	142
0.843800	39
0.500000	39
2.000000	23
0.500000	6
2.000000	94
0.500000	36
1.560100	4
2.000000	19
0.500000	30
0.370500	14
0.397900	51
0.431400	8
0.473300	8
0.347800	47
0.286100	182
0.312400	132
0.328700	36
0.298300	17
0.286100	2
0.275400	13
0.298300	10
0.275400	50
0.265900	2
0.275400	2
0.286100	6
0.298300	37
0.286100	4
0.298300	2
0.275400	8
0.286100	7
0.298300	6
0.286100	29
0.275400	38
0.286100	37
0.275400	33
0.286100	46
0.275400	12
0.265900	2
0.275400	2
0.265900	8
0.275400	6
0.265900	14
0.286100	2
0.298300	6
0.275400	4
0.286100	4
0.275400	20
0.298300	18
0.286100	8
0.298300	43
0.275400	2
0.265900	8
0.257500	2
0.275400	11
0.257500	8
0.286100	46
0.265900	42
0.286100	32
0.275400	4
0.312400	20
0.328700	16
0.298300	2
0.286100	14
0.298300	75
0.328700	4
0.298300	6
0.275400	59
0.298300	13
0.286100	2
0.275400	102
0.286100	28
0.275400	3
0.286100	8
0.298300	12
0.286100	2
0.265900	1
0.275400	55
0.265900	31
0.275400	28
0.286100	3
0.275400	5
0.298300	5
0.312400	2
0.298300	6
0.328700	20
0.298300	17
0.328700	12
0.312400	45
0.328700	7
0.312400	150
0.286100	37
0.298300	10
0.312400	20
0.286100	11
0.312400	2
0.328700	19
0.298300	47
0.286100	48
0.298300	28
0.328700	26
0.347800	4
0.328700	8
0.312400	14
0.286100	4
0.312400	8
0.347800	12
0.328700	2
0.312400	6
0.328700	47
0.347800	4
0.328700	34
0.312400	4
0.328700	6
0.312400	17
0.328700	18
0.370500	34
0.347800	43
0.397900	11
0.347800	124
0.370500	29
0.397900	23
0.370500	40
0.397900	54
0.473300	4
0.397900	11
0.370500	45
0.431400	8
0.370500	42
0.347800	61
0.370500	6
0.347800	45
0.397900	25
0.347800	4
0.397900	20
0.473300	17
0.431400	2
0.397900	190
0.431400	19
0.500000	43
0.431400	3
0.473300	35
0.500000	35
0.431400	46
0.473300	6
0.431400	19
0.473300	19
0.431400	147
0.473300	23
0.431400	7
0.473300	65
0.500000	4
0.473300	33
0.500000	4
0.473300	33
2.000000	613
0.500000	5
2.000000	10
0.500000	3
1.560000	31
2.000000	20
1.560000	74
2.000000	7
1.560000	36
2.000000	9
1.560000	13
0.843800	2
2.000000	13
0.843800	37
0.582300	6
0.843800	25
1.560000	3
0.843800	13
2.000000	21
0.843800	83
2.000000	1442
2.000000	1441
2.000000	1442
2.000000	1440
2.000000	1442
2.000000	1126
0.843800	57
1.560000	20
0.843800	104
1.560000	11
2.000000	22
0.843800	11
1.560000	41
2.000000	9
0.843800	34
1.560000	40
0.843800	5
1.560000	9
2.000000	5
1.560000	24
2.000000	12
1.560000	5
0.843800	27
1.560000	24
0.843800	30
1.560000	18
2.000000	21
1.560000	6
2.000000	9
1.560000	28
2.000000	33
1.560000	14
2.000000	12
1.560000	131
2.000000	88
1.560000	45
2.000000	1442
2.000000	787
1.560000	71
0.582300	22
0.291700	210
0.326000	7
0.291700	7
0.326000	10
0.843800	6
2.000000	27
0.291700	2
0.326000	150
0.451900	5
2.000000	43
1.560000	2
0.451900	9
0.326000	48
0.375500	52
0.291700	34
0.375500	5
0.326000	2
0.291700	142
0.266700	6
0.291700	32
0.266700	8
0.247800	3
0.266700	195
0.326000	6
0.266700	70
0.291700	7
0.266700	175
0.247800	6
0.266700	100
0.247800	49
0.266700	33
0.326000	10
0.291700	2
0.266700	65
0.247800	6
0.266700	16
0.326000	9
0.266700	13
0.247800	89
0.266700	10
0.247800	3
0.375500	6
1.560000	13
2.000000	11
1.560000	3
0.247800	158
0.582300	2
0.266700	2
1.560000	2
2.000000	36
0.203600	2
0.211600	4
0.233000	1
0.221200	4
0.247800	4
0.221200	25
0.203600	11
0.221200	63
0.247800	22
0.221200	16
0.191200	11
0.221200	2
0.191200	3
0.221200	2
0.233000	30
0.211600	11
0.221200	1
0.203600	2
0.211600	2
0.233000	47
0.247800	9
0.233000	85
0.211600	10
0.233000	4
0.211600	3
0.233000	9
0.211600	12
0.233000	9
0.211600	9
0.233000	149
0.211600	9
0.233000	13
0.196900	10
0.233000	57
0.266700	9
0.233000	43
0.266700	9
0.233000	2
0.221200	28
0.203600	11
0.221200	2
0.203600	5
0.233000	7
0.266700	7
0.291700	2
0.266700	9
0.247800	12
0.233000	4
0.291700	5
0.375500	4
0.247800	16
0.221200	5
0.203600	7
0.211600	11
0.233000	34
0.247800	7
0.233000	57
0.211600	7
0.233000	9
0.211600	22
0.233000	30
0.211600	16
0.233000	9
0.247800	4
0.266700	34
0.247800	18
0.326000	23
0.247800	15
0.291700	5
0.375500	6
0.291700	3
0.375500	4
0.326000	3
0.221200	4
0.247800	6
0.221200	3
0.375500	6
0.221200	3
0.247800	4
0.326000	2
0.291700	3
0.211600	2
0.233000	20
0.375500	4
0.582300	16
0.451900	9
0.843800	3
0.233000	9
0.211600	6
0.203600	2
0.221200	1
0.211600	4
0.247800	11
0.233000	7
0.266700	4
0.291700	3
0.247800	4
0.233000	9
0.221200	4
0.233000	1
0.266700	9
0.233000	4
0.266700	4
0.233000	5
0.266700	4
0.233000	3
0.266700	9
0.233000	13
0.266700	5
0.211600	9
0.233000	15
0.247800	2
0.291700	3
0.247800	7
0.582300	11
2.000000	43
0.291700	4
0.375500	4
0.291700	3
0.375500	5
0.291700	4
0.247800	9
0.221200	9
0.233000	34
0.221200	21
0.203600	9
0.221200	88
0.211600	4
0.233000	1
0.211600	6
0.233000	16
0.451900	5
2.000000	117
0.582300	1
0.291700	2
0.266700	2
0.247800	2
0.375500	1
0.326000	2
0.291700	5
0.247800	4
0.233000	9
0.211600	9
0.233000	16
0.221200	4
0.250000	5
0.266700	9
0.250000	10
0.221200	31
0.260000	216
0.300000	3
0.342200	16
0.321300	9
0.342200	25
0.321300	14
0.438400	143
0.489700	13
0.558800	14
0.489700	6
0.656200	3
0.558800	6
0.438400	34
0.558800	56
0.266700	11
0.260000	321
0.266700	9
0.260000	16
0.266700	16
0.260000	5
0.582300	6
2.000000	36
0.375500	2
0.260000	3
0.582300	10
0.260000	12
0.266700	19
0.260000	173
0.266700	7
0.260000	9
0.266700	9
0.260000	64
0.438400	135
0.489700	23
0.500000	6
0.489700	28
0.500000	18
0.489700	54
0.438400	4
0.489700	5
0.438400	33
0.398800	8
0.489700	7
0.398800	66
0.367500	190
0.489700	5
0.438400	19
0.367500	20
0.398800	55
0.438400	31
2.000000	3
0.291700	39
0.326000	4
0.291700	25
0.326000	59
0.451900	7
0.326000	12
0.375500	56
0.451900	3
0.375500	23
0.326000	92
0.582300	5
0.451900	19
0.326000	36
2.000000	43
0.326000	3
0.843800	9
0.326000	8
0.451900	9
0.582300	2
0.375500	12
0.451900	4
0.375500	58
0.451900	4
0.375500	72
0.326000	7
0.247800	2
0.233000	28
0.221200	46
0.233000	17
0.438400	7
0.398800	49
0.438400	18
0.489700	2
0.438400	18
0.398800	60
0.438400	4
0.398800	31
0.438400	12
0.489700	9
0.500000	2
2.000000	4
0.291700	38
0.375500	140
0.843800	3
0.451900	10
0.375500	59
0.291700	15
0.266700	8
0.326000	17
0.375500	4
0.326000	21
0.375500	13
0.582300	2
0.375500	15
0.291700	42
0.582300	5
0.326000	12
0.291700	43
0.326000	7
0.291700	205
0.326000	6
0.291700	149
0.266700	74
0.221200	67
0.233000	4
0.266700	10
0.221200	17
0.247800	9
0.233000	3
0.221200	60
0.247800	9
0.221200	49
0.233000	7
0.221200	2
0.233000	68
0.247800	14
0.266700	14
0.247800	28
0.291700	18
0.247800	46
0.489700	23
0.438400	4
0.500000	7
2.000000	3
0.375500	2
0.451900	2
0.375500	3
0.291700	2
1.560000	5
2.000000	40
0.843800	3
2.000000	9
1.560000	87
2.000000	30
1.560000	9
2.000000	15
0.326000	18
0.451900	3
0.326000	7
0.266700	125
0.291700	40
0.375500	18
0.326000	4
0.266700	48
0.451900	2
0.266700	30
2.000000	1
0.266700	2
0.843800	11
0.582300	3
0.326000	4
0.582300	4
0.375500	1
0.326000	6
0.291700	7
0.266700	23
0.247800	5
0.291700	42
0.266700	4
0.291700	8
0.582300	2
0.375500	2
0.291700	33
0.326000	6
0.375500	20
0.291700	4
0.247800	59
0.211600	12
0.233000	2
0.211600	4
0.233000	13
0.326000	10
0.266700	2
0.233000	67
0.247800	2
0.266700	9
0.233000	90
0.266700	8
0.211600	10
0.233000	11
0.375500	4
0.451900	2
2.000000	38
0.247800	4
0.291700	6
0.266700	2
0.233000	4
0.247800	9
0.233000	69
0.221200	50
0.233000	25
2.000000	2
0.266700	2
0.178300	7
0.233000	11
0.211600	11
0.233000	2
0.211600	6
0.233000	3
0.247800	4
0.233000	11
2.000000	4
0.233000	2
2.000000	1
0.233000	15
0.247800	37
0.326000	2
2.000000	4
0.326000	63
2.000000	44
0.247800	2
0.233000	1
0.221200	2
0.247800	2
0.266700	2
0.247800	9
0.221200	5
0.211600	2
0.221200	2
0.233000	3
0.203600	2
0.196900	4
2.000000	3
0.186300	22
0.233000	2
0.221200	18
0.233000	9
0.221200	5
0.247800	2
2.000000	4
0.266700	3
0.233000	51
2.000000	7
0.233000	3
0.247800	6
0.233000	44
2.000000	2
0.233000	6
0.211600	5
0.221200	16
0.211600	2
0.196900	1
0.203600	9
0.221200	2
0.211600	3
0.233000	11
0.211600	4
2.000000	1
0.211600	2
0.203600	4
0.211600	3
0.196900	4
0.191200	3
0.196900	2
0.203600	3
0.221200	2
0.203600	4
0.221200	40
2.000000	4
0.211600	14
0.221200	5
0.233000	30
0.221200	1
0.233000	7
2.000000	4
0.221200	18
0.211600	1
0.233000	2
0.221200	2
0.247800	2
0.233000	7
0.211600	7
0.221200	16
0.233000	3
2.000000	4
0.233000	14
0.211600	1
2.000000	2
0.211600	4
0.233000	1
0.211600	4
0.233000	11
0.211600	7
0.233000	5
2.000000	4
0.233000	41
0.247800	5
0.233000	7
0.247800	4
2.000000	4
0.233000	11
0.291700	9
0.233000	19
0.247800	6
0.233000	5
0.221200	5
2.000000	2
0.221200	34
0.191200	12
0.221200	9
0.211600	4
2.000000	4
0.203600	2
2.000000	1
0.203600	20
0.221200	20
0.233000	13
2.000000	3
0.233000	7
0.221200	32
0.211600	4
0.221200	23
0.233000	16
0.221200	6
0.233000	16
0.196900	11
0.233000	2
2.000000	3
0.221200	13
0.233000	11
0.247800	5
0.233000	2
0.221200	18
0.203600	9
2.000000	1
0.203600	20
0.233000	34
0.375500	4
2.000000	40
0.221200	19
2.000000	2
0.203600	9
0.221200	11
0.203600	11
0.221200	2
0.203600	3
0.233000	24
2.000000	3
0.221200	48
0.233000	7
2.000000	4
0.221200	5
0.191200	6
0.203600	3
0.211600	7
0.203600	35
2.000000	2
0.203600	34
0.191200	12
0.203600	7
0.191200	6
2.000000	1
0.191200	9
0.196900	32
0.186300	10
0.182100	4
0.186300	4
2.000000	1
0.186300	16
0.191200	21
0.186300	6
0.191200	16
2.000000	3
0.186300	20
0.250000	38
2.000000	3
0.250000	56
2.000000	4
0.250000	57
2.000000	4
0.250000	56
2.000000	4
0.250000	57
3.000000	4
0.250000	55
3.000000	4
0.250000	56
3.000000	4
0.250000	2
3.000000	3
0.250000	51
3.000000	4
0.250000	56
3.000000	4
0.250000	56
3.000000	4
0.250000	55
3.000000	3
0.250000	57
2.000000	4
0.250000	56
2.000000	3
0.250000	57
2.000000	4
0.250000	56
2.000000	4
0.250000	56
2.000000	4
0.250000	56
2.000000	4
0.843800	34
0.291700	2
0.250000	20
2.000000	3
0.250000	57
2.000000	4
0.250000	56
2.000000	4
0.250000	58
2.000000	3
0.250000	56
2.000000	4
0.250000	56
2.000000	4
0.250000	56
2.000000	4
0.250000	56
2.000000	4
0.250000	56
2.000000	4
0.250000	55
2.000000	3
0.250000	57
2.000000	3
0.250000	58
2.000000	4
0.250000	56
2.000000	4
0.250000	56
2.000000	4
0.250000	55
2.000000	4
0.250000	57
2.000000	4
0.250000	30
0.326000	5
2.000000	87
0.250000	53
2.000000	4
0.250000	58
2.000000	4
0.250000	56
2.000000	4
0.250000	56
2.000000	4
0.250000	55
2.000000	4
0.250000	56
2.000000	28
0.582300	9
0.250000	22
2.000000	4
0.250000	57
2.000000	3
0.250000	57
0.843800	4
0.250000	55
0.843800	4
0.250000	57
0.582300	4
0.250000	57
2.000000	3
0.250000	57
0.843800	3
0.250000	56
0.843800	4
0.250000	55
2.000000	4
0.250000	2
2.000000	4
0.250000	51
0.843800	4
0.175100	40
0.178300	4
0.175100	12
0.582300	4
0.172100	23
0.169500	24
0.175100	9
0.451900	3
0.172100	4
0.178300	18
0.191200	4
0.186300	10
0.175100	4
0.172100	11
0.175100	7
1.560000	1
0.175100	24
0.178300	11
0.186300	20
0.191200	3
2.000000	2
0.191200	2
0.186300	15
0.182100	5
0.178300	11
0.191200	4
0.196900	1
0.233000	19
0.182100	1
2.000000	2
0.182100	2
2.000000	2
0.182100	5
0.178300	20
0.182100	24
0.186300	6
2.000000	3
0.182100	2
2.000000	2
0.182100	7
0.196900	7
0.233000	24
0.182100	9
0.203600	4
0.211600	2
2.000000	3
0.211600	43
0.247800	3
0.211600	8
0.221200	2
2.000000	1
0.211600	2
0.203600	4
0.211600	2
0.221200	37
0.233000	13
2.000000	2
0.233000	9
0.211600	5
0.221200	46
2.000000	1
0.221200	2
0.211600	17
0.221200	20
0.211600	18
2.000000	4
0.203600	24
0.211600	9
0.233000	6
0.326000	18
2.000000	2
0.451900	2
0.203600	6
0.211600	9
0.203600	3
0.211600	4
0.203600	23
0.211600	6
0.221200	5
2.000000	4
0.203600	20
0.196900	2
0.221200	3
0.233000	9
0.266700	2
0.233000	4
0.326000	11
2.000000	63
0.375500	2
2.000000	1
0.203600	2
0.196900	8
0.221200	5
0.266700	20
0.191200	25
2.000000	2
0.191200	23
0.196900	38
0.191200	18
0.196900	2
0.211600	4
0.203600	9
0.196900	19
0.211600	4
2.000000	2
0.211600	25
0.233000	5
0.247800	16
0.211600	9
0.233000	4
2.000000	2
0.211600	7
0.247800	4
0.233000	3
0.247800	18
0.221200	5
0.211600	7
0.221200	9
0.233000	4
2.000000	4
0.233000	3
0.211600	4
0.221200	27
0.211600	22
2.000000	1
0.211600	2
0.221200	2
0.211600	16
0.221200	27
0.233000	2
0.221200	11
2.000000	2
0.221200	2
0.211600	3
0.221200	13
0.250000	40
2.000000	4
0.250000	36
0.266700	4
0.250000	15
2.000000	4
0.250000	56
2.000000	4
0.250000	56
2.000000	4
0.250000	57
2.000000	4
0.250000	34
0.291700	4
0.250000	17
2.000000	4
0.250000	56
2.000000	4
0.250000	56
2.000000	4
0.250000	4
0.291700	8
0.582300	4
0.451900	2
2.000000	9
1.560000	4
2.000000	8
0.291700	18
2.000000	2
0.291700	12
0.266700	14
0.326000	2
0.266700	31
2.000000	4
0.266700	18
0.250000	4
0.266700	23
0.247800	11
2.000000	4
0.247800	5
0.266700	51
2.000000	7
0.266700	22
0.326000	26
0.291700	4
2.000000	3
0.291700	36
0.582300	3
0.451900	23
0.375500	2
0.291700	2
0.375500	18
0.291700	4
0.375500	7
0.582300	6
0.375500	2
0.451900	11
0.326000	3
2.000000	2
0.326000	6
0.451900	11
0.582300	2
0.451900	5
0.326000	4
0.375500	3
0.326000	21
2.000000	51
0.582300	1
0.266700	15
0.375500	15
0.326000	2
0.266700	42
2.000000	2
0.266700	9
0.291700	22
0.451900	2
0.582300	7
2.000000	165
0.582300	7
2.000000	22
0.843800	2
2.000000	40
0.843800	3
0.582300	2
0.843800	5
0.582300	11
2.000000	2
0.582300	13
0.843800	17
0.375500	8
0.451900	21
2.000000	2
0.451900	11
0.582300	36
0.451900	11
2.000000	2
0.451900	25
0.582300	21
0.451900	12
2.000000	2
0.451900	59
2.000000	2
0.451900	34
0.582300	24
2.000000	2
0.582300	56
2.000000	4
0.843800	21
1.560000	36
2.000000	2
1.560000	20
0.843800	39
2.000000	1
0.843800	42
1.560000	12
0.843800	3
2.000000	2
0.843800	60
2.000000	2
0.843800	57
2.000000	2
0.843800	2
1.560000	6
0.843800	44
2.000000	149
1.560000	37
2.000000	2
1.560000	9
2.000000	736
1.560000	34
2.000000	2
1.560000	2
2.000000	2
1.560000	48
2.000000	2
1.560000	4
2.000000	1
1.560000	4
2.000000	2
1.560000	52
2.000000	2
1.560000	51
0.843800	2
1.560000	2
2.000000	8
1.560000	3
2.000000	66
1.560000	24
0.843800	12
0.582300	11
2.000000	2
0.582300	43
0.843800	6
0.582300	6
0.843800	1
0.582300	2
2.000000	2
0.582300	58
2.000000	4
0.582300	40
2.000000	6
1.560000	9
2.000000	2
1.560000	9
0.843800	9
1.560000	4
2.000000	5
1.560000	32
2.000000	2
1.560000	58
2.000000	1
1.560000	58
2.000000	2
1.560000	10
2.000000	2
1.560000	23
0.843800	2
2.000000	13
0.843800	9
2.000000	1
0.843800	29
2.000000	66
0.843800	4
1.560000	7
2.000000	2
1.560000	1
2.000000	486
0.843800	4
2.000000	1
0.843800	6
2.000000	34
1.560000	4
0.843800	4
2.000000	5
0.843800	4
0.582300	2
2.000000	2
0.582300	6
0.451900	3
0.582300	2
0.451900	9
0.843800	6
1.560000	17
0.451900	14
2.000000	2
0.451900	15
0.582300	2
0.451900	31
0.582300	2
0.375500	4
0.451900	6
2.000000	3
0.451900	57
2.000000	3
0.451900	19
0.843800	26
2.000000	5
0.843800	6
2.000000	2
0.843800	32
0.582300	18
0.843800	2
0.582300	6
2.000000	4
0.375500	15
0.843800	5
0.451900	10
0.375500	15
0.843800	6
0.451900	5
2.000000	2
0.375500	58
2.000000	4
0.375500	42
0.326000	15
2.000000	2
0.326000	55
0.375500	2
2.000000	2
0.326000	4
0.582300	13
0.843800	2
0.375500	2
0.326000	5
0.291700	4
0.326000	28
2.000000	2
0.326000	11
0.247800	4
0.266700	43
2.000000	2
0.266700	4
0.375500	4
0.291700	1
0.266700	32
0.326000	5
0.375500	7
0.451900	2
0.375500	4
2.000000	1
0.375500	4
0.266700	107
0.843800	5
2.000000	38
0.266700	11
0.375500	4
0.326000	9
2.000000	2
0.326000	9
0.266700	37
0.247800	2
0.375500	2
0.451900	2
2.000000	31
1.560000	2
0.451900	2
0.375500	9
0.326000	23
2.000000	1
0.326000	58
2.000000	2
0.326000	35
0.843800	5
0.451900	9
0.375500	2
0.291700	8
2.000000	1
0.291700	19
0.233000	4
0.221200	7
0.233000	24
0.291700	4
2.000000	2
0.291700	59
2.000000	2
0.291700	4
0.451900	5
0.375500	9
0.291700	4
0.326000	9
0.291700	26
2.000000	2
0.291700	59
2.000000	2
0.291700	11
0.326000	2
0.291700	11
0.326000	18
0.291700	15
2.000000	2
0.291700	3
0.582300	8
0.451900	18
0.291700	7
0.582300	2
0.291700	20
2.000000	2
0.291700	58
2.000000	4
0.291700	29
0.451900	4
0.375500	9
0.582300	2
0.451900	2
0.326000	10
2.000000	2
0.326000	10
0.291700	34
0.451900	3
0.326000	2
0.291700	4
0.326000	4
0.291700	2
2.000000	1
0.291700	26
0.326000	2
0.375500	5
0.326000	6
0.291700	1
0.266700	13
0.375500	4
0.326000	1
2.000000	2
0.326000	6
0.266700	34
0.211600	18
2.000000	2
0.211600	42
0.221200	2
0.211600	15
2.000000	1
0.211600	33
0.247800	6
0.233000	9
0.211600	11
2.000000	2
0.211600	14
0.233000	13
0.221200	2
0.247800	4
0.211600	3
0.221200	9
0.211600	13
2.000000	2
0.211600	42
0.191200	16
2.000000	2
0.191200	2
0.203600	56
2.000000	2
0.203600	40
0.221200	5
0.233000	13
2.000000	2
0.233000	3
0.203600	55
2.000000	1
0.203600	8
0.211600	40
0.203600	3
0.291700	4
2.000000	38
0.326000	2
0.203600	23
2.000000	2
0.191200	9
0.203600	2
0.191200	4
0.203600	36
0.247800	6
0.326000	1
2.000000	2
0.326000	11
0.582300	4
0.451900	9
0.233000	4
0.221200	9
0.203600	22
2.000000	1
0.203600	59
2.000000	1
0.203600	15
0.196900	3
0.191200	11
0.203600	2
0.191200	27
2.000000	2
0.191200	60
2.000000	1
0.191200	42
0.211600	5
0.196900	4
0.203600	2
0.191200	2
0.182100	3
2.000000	2
0.182100	5
0.191200	29
0.211600	4
0.196900	20
2.000000	2
0.191200	14
0.196900	4
0.221200	12
0.203600	2
0.196900	22
0.191200	4
2.000000	2
0.191200	24
0.196900	5
0.203600	6
0.196900	9
0.191200	14
2.000000	2
0.191200	58
2.000000	1
0.196900	11
0.191200	32
0.203600	5
0.191200	9
0.196900	2
2.000000	2
0.196900	27
0.203600	15
0.233000	4
0.203600	13
2.000000	2
0.203600	47
0.233000	2
0.211600	8
2.000000	1
0.211600	2
0.247800	2
0.221200	6
0.211600	3
0.203600	47
2.000000	2
0.203600	46
0.211600	13
2.000000	1
0.211600	52
0.247800	5
2.000000	2
0.221200	17
0.211600	42
2.000000	2
0.211600	7
0.221200	2
0.211600	6
0.221200	42
2.000000	2
0.221200	20
0.233000	39
2.000000	1
0.233000	19
0.221200	40
2.000000	4
0.221200	37
0.247800	5
0.266700	6
0.375500	2
0.326000	5
2.000000	2
0.326000	2
0.247800	2
0.221200	54
2.000000	2
0.221200	25
0.291700	6
0.233000	18
0.451900	4
0.375500	3
2.000000	37
0.247800	24
0.266700	2
2.000000	2
0.266700	5
0.291700	25
0.326000	18
0.843800	6
2.000000	29
0.266700	5
0.451900	4
0.375500	2
0.291700	1
0.326000	6
0.375500	16
2.000000	2
0.375500	5
0.451900	13
0.375500	5
0.291700	6
0.451900	2
0.291700	1
0.451900	2
0.843800	22
0.582300	1
0.451900	9
0.843800	13
0.451900	15
0.375500	25
2.000000	1
0.375500	10
0.843800	14
2.000000	51
0.582300	25
1.560000	4
2.000000	18
0.843800	4
0.582300	7
2.000000	26
0.582300	20
2.000000	2
0.582300	20
0.375500	18
0.582300	11
0.375500	9
2.000000	2
0.375500	57
2.000000	2
0.375500	59
2.000000	2
0.375500	13
0.582300	11
0.451900	2
0.375500	31
2.000000	4
0.375500	33
0.451900	24
2.000000	1
0.451900	15
0.843800	6
2.000000	7
0.843800	31
2.000000	2
0.843800	18
0.451900	19
0.375500	20
0.582300	2
2.000000	2
0.375500	13
0.451900	4
0.375500	24
0.582300	1
0.375500	15
2.000000	2
0.451900	40
0.582300	19
2.000000	2
0.582300	109
1.560000	8
2.000000	9
1.560000	13
2.000000	59
1.560000	6
0.843800	26
1.560000	5
2.000000	8
1.560000	4
2.000000	55
1.560000	17
2.000000	1
1.560000	28
0.843800	2
1.560000	4
0.843800	3
2.000000	2
0.843800	4
1.560000	39
0.843800	5
2.000000	45
1.560000	17
2.000000	93
1.560000	11
0.843800	17
2.000000	24
1.560000	3
0.843800	26
1.560000	10
2.000000	153
1.560000	9
0.843800	3
1.560000	9
2.000000	118
1.560000	9
2.000000	137
0.843800	46
2.000000	2
0.843800	1
2.000000	2
0.843800	55
2.000000	2
0.843800	5
1.560000	4
2.000000	5
0.843800	20
1.560000	2
0.843800	22
2.000000	2
0.843800	13
0.582300	2
0.451900	3
0.375500	41
2.000000	4
0.375500	22
0.451900	5
0.582300	28
2.000000	4
0.582300	7
0.843800	4
1.560000	2
2.000000	5
0.843800	39
2.000000	2
0.843800	50
1.560000	1
0.843800	6
2.000000	2
0.843800	58
2.000000	2
0.843800	8
2.000000	2
1.560000	3
0.843800	6
1.560000	40
2.000000	2
1.560000	2
0.843800	53
0.582300	3
2.000000	2
0.843800	2
1.560000	6
2.000000	53
1.560000	56
2.000000	2
1.560000	9
2.000000	2
1.560000	15
2.000000	14
1.560000	2
0.843800	7
2.000000	44
0.582300	3
1.560000	2
0.843800	4
0.451900	7
0.582300	31
0.843800	5
0.582300	24
2.000000	35
0.843800	12
0.582300	22
2.000000	4
0.582300	49
0.843800	8
2.000000	1
0.843800	6
2.000000	11
0.582300	5
0.843800	37
2.000000	1
0.582300	2
0.843800	25
2.000000	40
1.560000	2
2.000000	5
1.560000	18
2.000000	10
1.560000	1
2.000000	2
1.560000	15
2.000000	2
1.560000	3
0.843800	24
1.560000	10
0.843800	19
1.560000	1
2.000000	20
0.843800	4
0.582300	7
0.843800	11
0.582300	7
0.843800	10
1.560000	1
2.000000	2
1.560000	11
0.843800	11
1.560000	2
2.000000	17
1.560000	10
2.000000	13
1.560000	27
0.843800	28
2.000000	1
0.843800	58
2.000000	2
0.843800	20
1.560000	2
0.843800	36
2.000000	1
0.843800	10
2.000000	7
0.843800	7
0.582300	33
1.560000	3
2.000000	2
1.560000	5
0.582300	9
0.451900	2
0.375500	13
0.451900	29
2.000000	1
0.451900	17
0.582300	5
0.451900	36
2.000000	4
0.451900	11
0.582300	5
0.451900	31
1.560000	5
2.000000	26
0.582300	38
2.000000	4
0.582300	56
2.000000	4
0.582300	2
2.000000	2
0.582300	36
0.843800	16
2.000000	2
0.843800	30
1.560000	2
0.843800	22
0.266700	5
2.000000	2
0.266700	10
0.326000	6
0.291700	7
0.247800	13
0.291700	6
0.326000	15
2.000000	4
0.247800	14
0.266700	3
0.247800	8
0.326000	6
0.266700	1
0.291700	2
0.266700	4
0.247800	6
0.233000	13
2.000000	2
0.233000	6
0.266700	4
0.233000	7
0.247800	4
0.233000	26
0.451900	4
2.000000	48
0.582300	2
0.375500	11
0.539600	6
2.000000	3
0.681700	11
0.943000	11
1.560100	7
1.005800	5
0.751200	2
1.049600	2
1.560100	2
1.049600	5
2.000000	34
0.539600	24
0.681700	9
0.943000	7
2.000000	11
1.560100	4
0.943000	9
0.539600	39
0.451500	22
2.000000	3
0.451500	16
0.539600	4
0.451500	4
0.539600	33
2.000000	4
0.539600	19
1.560100	8
2.000000	10
1.560100	17
0.681700	3
2.000000	4
0.681700	47
1.560100	9
2.000000	3
1.560100	20
0.539600	4
1.560100	33
2.000000	3
1.560100	28
2.000000	3
1.560100	4
2.000000	64
0.943000	14
0.681700	4
2.000000	4
0.681700	56
2.000000	4
0.681700	29
1.560100	11
0.681700	18
2.000000	3
0.681700	27
0.943000	10
0.681700	6
0.539600	49
0.681700	7
1.560100	2
0.943000	2
0.681700	2
0.943000	12
1.560100	21
0.943000	18
1.560100	21
2.000000	9
1.560100	40
0.943000	123
0.539600	8
1.560100	23
0.539600	2
0.943000	4
0.539600	43
0.681700	11
0.539600	106
0.943000	6
1.560100	17
0.539600	75
0.681700	1
0.943000	2
1.560100	2
0.943000	26
2.000000	43
0.943000	78
2.000000	33
0.943000	2
1.560100	4
0.943000	70
1.560100	7
0.943000	15
0.681700	19
0.943000	1
1.560100	151
0.943000	2
0.681700	26
1.560100	5
2.000000	15
1.560100	2
0.349700	15
0.392100	1
0.539600	10
0.451500	2
0.392100	41
0.318000	3
0.392100	12
0.681700	2
0.539600	7
0.451500	2
0.392100	11
0.681700	2
0.392100	15
0.681700	2
0.451500	2
0.392100	23
0.451500	171
0.539600	13
0.451500	8
0.539600	9
0.392100	13
0.318000	11
0.274400	19
0.258800	51
0.245900	7
0.274400	2
0.245900	2
0.235200	30
0.274400	82
0.235200	7
0.258800	23
0.235200	64
0.258800	9
0.235200	34
0.258800	10
0.235200	122
0.274400	8
0.245900	15
0.235200	72
0.245900	4
0.274400	3
0.258800	4
0.293700	2
0.258800	8
0.235200	15
0.681700	5
2.000000	38
0.235200	2
0.245900	4
0.235200	193
0.218300	11
0.235200	2
0.218300	3
0.235200	74
0.245900	21
0.235200	133
0.218300	15
0.226100	97
0.245900	21
0.226100	131
0.235200	22
0.226100	19
0.235200	6
0.226100	69
0.258800	8
0.226100	5
0.245900	8
0.226100	73
0.258800	9
0.274400	4
0.258800	34
0.293700	11
0.274400	4
0.293700	13
0.245900	15
0.293700	14
0.274400	7
0.258800	2
0.235200	4
0.245900	7
0.235200	225
0.245900	23
0.235200	44
0.290000	63
0.293700	4
0.681700	2
2.000000	37
0.290000	1114
0.451500	21
0.681700	6
0.290000	71
0.451500	29
0.392100	2
0.290000	195
2.000000	23
0.290000	178
0.276400	5
0.226100	42
0.245900	6
0.226100	15
0.245900	13
0.258800	8
0.235200	11
0.226100	18
0.245900	21
0.226100	48
0.218300	3
0.226100	39
0.218300	9
0.205600	11
0.218300	4
0.205600	4
0.218300	9
0.226100	89
0.235200	17
0.226100	12
0.211500	2
0.218300	1
0.205600	6
0.218300	34
0.235200	8
0.218300	24
0.226100	75
0.245900	7
0.226100	19
0.235200	11
0.226100	52
0.258800	2
0.245900	2
0.274400	6
0.235200	15
0.226100	6
0.218300	20
0.226100	4
0.218300	6
0.235200	18
0.218300	15
0.245900	12
0.943000	1
1.560100	2
0.943000	2
2.000000	17
0.943000	2
0.245900	24
0.235200	4
0.245900	4
0.274400	4
0.293700	15
0.245900	4
0.218300	110
0.226100	43
0.235200	4
0.258800	5
0.274400	2
0.258800	19
0.226100	7
0.258800	6
0.451500	28
0.226100	18
0.245900	22
0.226100	17
0.258800	10
0.226100	22
0.235200	48
0.245900	43
0.235200	26
0.943000	6
2.000000	18
0.235200	95
0.349700	8
0.235200	14
0.293700	51
0.349700	3
0.392100	37
0.539600	6
0.392100	4
0.451500	9
