0.850100	16
0.652900	15
1.312700	5
3.120100	2
1.312700	4
0.652900	9
0.547200	3
0.652900	6
0.547200	7
0.482700	9
0.547200	18
0.652900	26
0.547200	3
0.652900	6
0.547200	2
0.482700	5
0.439800	4
0.482700	7
0.547200	2
0.652900	4
1.312700	2
0.850100	7
0.439800	12
0.482700	13
0.652900	3
0.547200	5
0.439800	15
0.482700	9
0.547200	7
0.652900	4
0.850100	7
0.547200	9
0.652900	1
1.312700	11
0.547200	4
0.482700	14
0.439800	7
0.482700	22
0.547200	11
0.652900	15
0.547200	3
0.652900	2
0.547200	4
0.652900	7
0.547200	3
0.652900	10
0.547200	2
0.652900	3
0.547200	4
0.652900	9
0.547200	4
0.482700	12
0.439800	9
0.482700	2
0.547200	11
0.482700	4
0.547200	14
0.482700	4
0.547200	9
0.439800	5
0.409400	2
0.439800	5
0.409400	11
0.387000	2
0.409400	15
0.387000	11
0.409400	3
0.482700	7
0.547200	13
0.482700	3
0.547200	16
0.482700	17
0.439800	1
0.482700	14
0.547200	22
0.652900	14
0.547200	3
1.312700	2
0.850100	5
0.652900	6
0.482700	1
0.439800	2
0.409400	22
0.439800	14
0.409400	4
0.439800	2
0.409400	3
0.439800	9
0.409400	4
0.387000	16
0.409400	16
0.387000	2
0.409400	11
0.482700	6
0.547200	2
0.482700	9
0.387000	25
0.409400	13
0.583300	3
0.533300	59
0.583300	23
0.533300	11
0.583300	5
0.700000	8
0.651900	1
0.533300	2
0.651900	6
0.583300	7
0.651900	3
0.583300	2
0.651900	6
0.583300	8
0.533300	4
0.583300	3
0.533300	32
0.583300	15
0.533300	19
0.583300	4
0.409400	12
0.387000	19
0.409400	16
0.387000	19
0.482700	10
0.409400	5
0.387000	4
0.409400	7
0.439800	7
0.409400	14
0.439800	24
0.482700	14
0.439800	4
0.482700	13
0.439800	16
0.547200	14
0.482700	5
0.439800	23
0.547200	2
0.652900	2
0.850100	10
1.312700	2
0.850100	2
0.547200	33
0.850100	2
1.312700	13
3.120100	2
0.652900	2
0.547200	11
0.482700	3
0.547200	4
0.850100	10
0.652900	4
0.850100	11
0.652900	3
0.547200	4
0.652900	17
0.850100	14
0.652900	14
0.850100	7
1.312700	14
0.850100	3
1.312700	7
0.850100	7
0.652900	21
0.850100	14
0.652900	3
0.850100	14
0.652900	4
0.850100	14
0.652900	3
0.850100	14
0.652900	14
1.312700	10
0.652900	14
0.850100	33
0.652900	26
3.120100	14
0.652900	18
0.547200	17
0.652900	4
0.547200	10
0.482700	21
0.547200	11
0.482700	5
0.439800	3
0.482700	53
0.547200	7
0.482700	7
0.439800	4
0.482700	14
0.439800	2
0.482700	16
0.439800	3
0.482700	10
0.439800	2
0.409400	3
0.439800	29
0.409400	26
0.439800	13
0.409400	4
0.439800	27
0.409400	7
0.439800	4
0.409400	3
0.439800	8
0.409400	3
0.439800	13
0.409400	5
0.439800	2
0.652900	12
0.409400	4
0.387000	16
0.409400	14
0.387000	20
0.409400	16
0.387000	2
0.409400	14
0.387000	12
0.409400	9
0.439800	12
0.409400	23
0.439800	13
0.409400	23
0.439800	13
0.482700	7
0.409400	13
0.439800	14
0.409400	4
0.439800	13
0.409400	13
0.482700	8
0.409400	36
0.439800	16
0.409400	3
0.439800	12
0.409400	4
0.439800	14
0.409400	5
0.387000	16
0.439800	5
0.387000	13
0.409400	28
0.387000	19
0.369800	19
0.387000	11
0.409400	5
0.387000	4
0.369800	5
0.387000	11
0.439800	7
0.387000	9
0.409400	15
0.387000	21
0.409400	8
0.439800	5
0.409400	29
0.439800	79
0.547200	10
0.652900	3
0.547200	4
0.652900	5
0.547200	8
0.482700	3
0.547200	8
0.850100	3
3.120100	6
1.312700	1
0.652900	19
0.482700	14
0.439800	11
0.482700	5
0.652900	15
0.547200	7
0.652900	13
0.547200	2
0.652900	2
0.850100	3
0.652900	11
0.547200	16
0.850100	4
0.547200	10
0.850100	4
1.312700	3
3.120100	4
0.850100	10
0.652900	22
0.850100	12
0.652900	4
0.850100	15
0.652900	4
0.547200	12
0.482700	30
0.439800	5
0.482700	3
0.547200	7
0.482700	2
0.439800	5
0.409400	16
0.439800	5
0.482700	12
0.652900	4
0.547200	3
0.652900	4
0.547200	8
0.482700	4
0.547200	14
0.439800	1
0.409400	2
0.439800	7
0.547200	4
0.652900	12
0.439800	4
0.482700	5
0.547200	5
0.652900	4
0.482700	8
0.439800	23
0.482700	19
0.547200	20
0.482700	11
0.850100	8
0.482700	13
0.547200	1
0.482700	11
0.439800	3
0.482700	11
0.652900	5
0.547200	3
0.652900	4
0.482700	8
0.439800	4
0.482700	15
0.439800	20
0.652900	1
0.850100	12
0.482700	4
0.439800	52
0.482700	5
0.547200	3
0.482700	4
0.439800	5
0.409400	23
0.439800	14
0.409400	57
0.439800	12
0.409400	26
0.482700	4
0.547200	7
0.439800	31
1.312700	6
3.120100	3
1.312700	2
0.547200	2
0.482700	6
0.439800	36
0.652900	1
0.850100	8
0.652900	4
0.439800	4
0.409400	3
0.439800	13
0.409400	4
0.439800	9
0.547200	6
0.482700	3
0.439800	13
0.409400	4
0.439800	16
0.409400	7
0.439800	12
0.482700	15
0.439800	2
0.482700	14
0.439800	39
0.482700	14
0.439800	40
0.409400	7
0.439800	7
0.482700	2
0.850100	10
0.482700	3
0.439800	4
0.482700	14
0.439800	20
0.482700	13
0.439800	3
0.482700	16
0.439800	2
0.482700	13
0.439800	23
0.482700	10
0.547200	2
0.482700	4
0.547200	7
0.482700	13
0.439800	4
0.482700	5
0.439800	5
0.482700	4
0.439800	3
0.482700	4
0.547200	5
0.482700	5
0.439800	16
0.482700	15
0.439800	16
0.409400	9
0.439800	3
0.547200	9
0.652900	3
0.439800	11
0.409400	3
0.439800	14
0.409400	4
0.439800	3
0.409400	3
0.439800	6
0.409400	19
0.439800	7
0.547200	8
0.409400	6
0.439800	14
0.652900	1
0.547200	9
0.482700	2
0.409400	1
0.482700	4
0.409400	3
0.439800	16
0.409400	24
0.439800	14
0.482700	13
0.439800	19
0.482700	3
0.547200	5
0.482700	4
0.850100	5
0.482700	4
1.312700	12
0.850100	1
0.482700	16
0.439800	11
0.482700	12
0.439800	5
0.652900	3
3.120100	6
0.652900	1
0.850100	5
0.482700	9
0.409400	3
0.439800	16
0.409400	19
0.439800	16
0.409400	19
0.439800	15
0.409400	5
0.439800	1
0.547200	15
0.439800	14
0.409400	4
0.439800	11
0.482700	1
0.439800	2
0.409400	7
0.387000	12
0.409400	14
0.387000	14
0.482700	13
0.387000	7
0.409400	1
0.387000	4
0.409400	65
0.482700	3
0.547200	7
0.439800	9
0.409400	14
0.547200	12
0.409400	2
0.387000	26
0.409400	12
0.439800	4
0.387000	3
0.409400	2
0.547200	10
0.439800	2
0.387000	2
0.409400	15
0.387000	21
0.409400	32
0.439800	5
0.409400	17
0.439800	11
0.409400	8
0.439800	13
0.482700	1
0.439800	9
0.409400	14
0.439800	5
0.482700	7
0.439800	1
0.409400	2
0.439800	16
0.409400	4
0.439800	12
0.409400	10
0.439800	28
0.482700	16
0.439800	3
0.482700	3
0.547200	9
0.482700	19
0.439800	4
0.482700	13
0.439800	2
0.547200	11
0.439800	8
0.482700	14
0.439800	22
0.482700	21
0.439800	22
0.482700	12
0.439800	3
0.482700	16
0.439800	38
0.482700	13
0.439800	3
0.482700	16
0.439800	4
0.482700	8
0.547200	4
0.482700	9
0.439800	12
0.482700	12
0.547200	2
0.482700	5
0.439800	22
0.482700	10
0.547200	2
0.482700	5
0.547200	9
0.439800	37
0.652900	12
0.482700	2
0.439800	21
0.482700	14
0.439800	57
0.482700	12
0.439800	3
0.482700	19
0.547200	14
0.482700	8
0.652900	4
0.850100	8
1.312700	2
0.547200	3
0.850100	9
0.652900	2
0.482700	1
0.547200	16
0.482700	3
0.547200	14
0.482700	2
0.547200	8
0.482700	7
0.439800	21
0.482700	14
0.439800	1
0.652900	2
0.850100	7
0.547200	2
0.482700	5
0.439800	3
0.482700	16
0.439800	1
0.482700	14
0.439800	22
0.482700	14
0.652900	2
0.850100	10
0.482700	5
0.439800	24
0.409400	8
0.547200	6
0.482700	8
0.409400	26
0.439800	14
0.409400	21
0.439800	30
0.482700	13
0.439800	13
0.409400	3
0.387000	2
0.409400	7
0.482700	3
0.547200	4
0.652900	1
0.547200	2
0.439800	2
0.547200	1
0.652900	2
0.547200	7
0.439800	5
0.409400	11
0.482700	7
0.409400	4
0.439800	10
0.409400	4
0.387000	10
0.439800	10
0.482700	13
0.547200	1
0.482700	4
0.850100	10
0.652900	4
0.547200	21
0.652900	3
3.120100	11
1.312700	3
0.547200	3
1.312700	7
3.120100	2
1.312700	4
0.547200	14
0.850100	5
1.312700	4
0.652900	10
0.547200	77
0.850100	12
0.547200	14
0.652900	15
0.547200	4
0.652900	14
0.547200	5
0.652900	32
0.850100	14
0.652900	7
0.547200	14
0.652900	14
0.547200	38
0.652900	13
0.547200	38
0.652900	16
0.547200	3
0.652900	14
0.547200	37
0.652900	16
0.547200	3
0.652900	14
0.547200	21
0.652900	13
0.547200	23
0.652900	6
0.850100	5
0.547200	4
0.652900	15
0.547200	58
0.652900	9
0.547200	7
0.652900	12
0.547200	5
0.652900	2
0.850100	3
0.652900	4
0.547200	93
0.652900	16
0.547200	3
0.652900	14
0.547200	22
0.652900	12
0.547200	4
0.652900	10
0.850100	5
0.652900	5
1.312700	3
3.120100	12
0.850100	4
1.312700	3
0.850100	2
0.652900	9
0.850100	12
0.652900	4
0.850100	15
0.652900	3
0.850100	12
0.652900	9
0.850100	4
3.120100	13
0.652900	29
1.312700	39
3.120100	12
1.312700	4
3.120100	15
1.312700	20
3.120100	14
1.312700	20
3.120100	59
1.312700	9
0.850100	2
3.120100	27
1.312700	9
3.120100	2
1.312700	12
0.850100	2
3.120100	7
1.312700	9
0.850100	7
1.312700	10
3.120100	3
1.312700	4
3.120100	14
1.312700	2
3.120100	14
1.312700	5
3.120100	13
0.850100	72
1.312700	1
3.120100	14
0.850100	20
1.312700	17
0.850100	39
1.312700	12
0.850100	21
1.312700	2
3.120100	10
1.312700	2
0.850100	3
1.312700	15
0.850100	3
1.312700	7
3.120100	2
1.312700	4
0.850100	39
1.312700	11
3.120100	2
1.312700	3
0.850100	2
1.312700	7
3.120100	13
1.312700	12
0.850100	4
1.312700	12
3.120100	2
1.312700	1
0.850100	33
3.120100	12
1.312700	2
0.850100	4
3.120100	20
1.312700	19
3.120100	9
1.312700	8
0.850100	1
1.312700	2
3.120100	2
1.312700	9
0.850100	7
1.312700	14
0.850100	17
1.312700	9
3.120100	4
1.312700	1
0.850100	2
1.312700	16
3.120100	10
0.850100	9
1.312700	12
3.120100	2
1.312700	8
3.120100	5
1.312700	26
3.120100	14
1.312700	2
3.120100	16
1.312700	3
3.120100	4
1.312700	12
3.120100	14
1.312700	3
3.120100	33
1.312700	39
3.120100	12
1.312700	18
0.850100	3
1.312700	6
3.120100	9
1.312700	3
0.850100	18
1.312700	12
0.850100	4
3.120100	11
1.312700	3
0.850100	4
0.652900	15
0.850100	16
0.652900	48
0.850100	6
1.312700	9
0.652900	11
0.850100	13
0.652900	9
0.850100	2
0.652900	1
0.850100	25
1.312700	9
3.120100	58
1.312700	2
3.120100	54
1.312700	4
3.120100	16
1.312700	4
0.850100	58
1.312700	7
3.120100	2
1.312700	35
3.120100	16
1.312700	2
3.120100	48
1.312700	2
3.120100	4
1.312700	9
3.120100	3
1.312700	16
3.120100	19
1.312700	4
3.120100	15
0.850100	20
1.312700	14
0.850100	3
1.312700	2
0.850100	12
0.652900	4
0.850100	7
3.120100	8
0.850100	2
0.652900	18
0.850100	14
0.652900	38
0.850100	4
1.312700	3
0.850100	5
0.652900	23
0.850100	13
0.652900	24
0.850100	4
0.652900	10
0.850100	16
0.652900	37
0.850100	7
1.312700	3
0.850100	4
0.652900	1
0.850100	13
3.120100	12
0.850100	4
1.312700	5
0.850100	1
1.312700	16
0.850100	18
1.312700	7
0.336400	17
0.409400	3
0.336400	19
0.439800	4
0.387000	5
0.409400	4
0.387000	3
0.409400	4
0.387000	3
0.369800	4
0.387000	2
0.439800	12
0.387000	3
0.409400	13
0.439800	5
0.547200	6
0.482700	1
0.652900	2
0.547200	10
0.482700	1
0.439800	2
0.409400	27
0.439800	72
0.409400	17
0.439800	3
0.409400	18
0.439800	52
0.652900	3
0.439800	4
0.482700	3
0.439800	7
0.409400	2
0.439800	2
0.547200	3
0.652900	12
0.439800	56
0.547200	4
0.652900	14
0.439800	35
0.482700	5
0.439800	4
0.547200	2
0.482700	13
0.439800	57
0.503100	2
0.439800	5
0.482700	3
0.409400	16
0.439800	2
0.409400	3
0.439800	2
0.482700	2
0.652900	1
0.547200	12
0.482700	2
0.652900	2
0.850100	7
1.312700	7
0.547200	2
0.652900	14
3.120100	2
1.312700	1
3.120100	13
0.652900	7
0.547200	36
3.120100	5
0.652900	11
0.547200	48
0.850100	13
3.120100	2
0.850100	4
1.312700	3
3.120100	4
1.312700	2
0.652900	7
1.312700	3
0.850100	2
1.312700	4
3.120100	7
1.312700	8
0.850100	2
0.547200	34
0.652900	3
0.547200	23
0.482700	2
0.850100	5
0.482700	16
0.850100	7
0.652900	7
0.850100	2
0.547200	7
0.482700	81
0.439800	54
0.387000	5
0.409400	16
0.547200	5
0.482700	9
0.652900	1
0.482700	4
0.409400	17
0.439800	28
0.482700	9
0.547200	5
0.482700	2
0.439800	50
0.482700	40
0.439800	20
0.482700	3
0.439800	95
0.482700	4
0.652900	12
0.439800	35
0.482700	3
0.439800	5
0.482700	4
0.652900	3
0.850100	5
1.312700	4
0.547200	5
0.652900	2
0.482700	19
0.439800	7
0.482700	2
0.439800	3
0.482700	8
0.439800	38
0.482700	5
0.439800	64
0.503100	10
0.482700	11
0.439800	5
0.482700	9
0.439800	55
0.482700	13
0.439800	4
0.482700	15
0.439800	27
0.409400	8
0.439800	2
0.409400	2
0.439800	2
0.409400	3
0.439800	18
0.482700	3
0.547200	3
0.652900	7
0.482700	4
0.439800	3
0.482700	7
0.503100	6
0.850100	5
1.312700	3
0.850100	4
0.482700	19
0.547200	12
0.482700	10
0.503100	2
0.482700	5
0.652900	11
0.850100	1
0.547200	2
0.482700	7
0.547200	4
0.652900	14
0.482700	36
0.652900	4
0.547200	40
0.652900	4
0.547200	7
0.652900	2
0.850100	7
1.312700	4
0.850100	2
0.547200	21
0.652900	2
0.850100	2
0.652900	15
0.547200	19
0.652900	17
0.547200	1
0.482700	35
0.439800	61
0.482700	6
0.547200	8
0.482700	2
0.439800	2
0.409400	2
0.482700	2
0.652900	7
0.547200	7
0.409400	9
0.439800	27
0.547200	18
0.652900	5
0.850100	11
0.482700	2
0.409400	7
0.547200	6
0.439800	15
0.850100	1
0.652900	14
0.439800	20
0.850100	25
1.312700	82
3.120100	149
1.312700	7
0.652900	125
1.312700	34
3.120100	10
0.652900	49
0.850100	18
0.652900	8
3.120100	23
0.652900	15
0.850100	12
0.652900	4
0.850100	16
0.652900	23
0.850100	16
0.652900	44
0.547200	25
0.850100	10
0.652900	2
0.482700	28
0.547200	11
0.482700	39
0.547200	11
0.482700	23
0.850100	13
0.482700	186
0.547200	13
0.482700	22
0.652900	9
0.482700	4
0.503100	31
0.547200	13
0.503100	4
0.652900	15
0.547200	2
0.652900	49
0.850100	13
3.120100	11
0.652900	20
0.503100	44
0.547200	12
0.652900	2
0.503100	103
0.652900	4
0.547200	11
0.503100	17
0.652900	3
0.503100	31
0.652900	3
0.503100	4
0.652900	9
0.547200	2
0.503100	177
0.652900	3
0.503100	31
0.652900	3
0.503100	45
0.547200	7
0.850100	10
0.503100	111
0.547200	5
0.850100	11
1.312700	2
0.547200	40
0.652900	3
1.312700	11
0.850100	3
0.503100	4
0.547200	4
0.503100	22
0.547200	14
0.503100	23
0.547200	4
0.850100	12
0.503100	23
0.850100	7
0.482700	4
0.652900	13
0.482700	53
0.547200	16
0.482700	41
0.439800	3
0.482700	2
0.439800	5
0.482700	8
0.439800	41
0.482700	6
0.547200	9
0.482700	2
0.409400	9
0.439800	2
0.409400	52
0.482700	2
0.409400	3
0.482700	2
0.409400	49
0.439800	4
0.409400	14
0.439800	16
0.409400	87
0.387000	4
0.439800	16
0.387000	3
0.482700	18
0.387000	19
0.317200	16
0.312600	14
0.336400	4
0.317200	7
0.322600	2
0.336400	5
0.328900	9
0.312600	3
0.308600	124
0.322600	2
0.328900	2
0.317200	10
0.328900	2
0.308600	5
0.322600	4
0.308600	12
0.312600	1
0.308600	4
0.312600	17
0.322600	14
0.312600	42
0.317200	10
0.322600	68
0.328900	27
0.356200	6
0.328900	7
0.547200	1
0.328900	47
0.356200	3
0.328900	52
0.322600	52
0.336400	4
0.345300	10
0.356200	5
0.336400	11
0.328900	10
0.336400	2
0.328900	4
0.336400	8
0.369800	49
0.387000	3
0.439800	12
0.369800	11
0.336400	29
0.328900	4
0.356200	1
0.345300	2
0.336400	12
0.322600	51
0.345300	7
0.369800	2
0.345300	7
0.322600	12
0.336400	2
0.322600	106
0.345300	14
0.322600	173
0.356200	2
0.336400	3
0.322600	16
0.345300	6
0.322600	7
0.328900	2
0.322600	3
0.328900	12
0.345300	2
0.356200	4
0.345300	9
0.369800	2
0.345300	7
0.328900	9
0.345300	1
0.328900	13
0.356200	5
0.336400	4
0.356200	7
0.328900	2
0.356200	14
0.328900	18
0.503100	276
0.491800	2
0.328900	38
0.356200	2
0.336400	3
0.356200	9
0.336400	2
0.328900	47
0.387000	1
0.503100	2
0.439800	3
0.482700	6
0.850100	7
0.652900	1
0.482700	4
0.387000	29
0.409400	4
0.439800	14
0.409400	36
0.387000	5
0.369800	28
0.356200	21
0.369800	16
0.356200	3
0.369800	33
0.409400	5
0.369800	188
0.387000	5
0.439800	11
0.369800	59
0.387000	49
0.409400	4
0.439800	7
0.387000	25
0.503100	1
0.387000	32
0.409400	48
0.503100	91
0.547200	11
0.503100	79
0.652900	7
0.547200	4
0.503100	11
0.652900	4
1.312700	8
0.850100	1
0.503100	305
0.652900	11
0.503100	113
0.547200	9
0.503100	174
0.652900	4
0.850100	13
0.652900	2
0.503100	37
0.850100	4
0.652900	8
0.850100	4
0.652900	7
1.312700	2
0.547200	4
0.503100	118
0.652900	6
0.503100	89
0.547200	17
0.850100	10
1.312700	5
0.652900	12
0.547200	119
1.312700	12
0.547200	33
0.652900	4
0.547200	26
0.503100	22
0.652900	9
0.850100	3
0.503100	59
0.850100	4
1.312700	1
0.652900	28
0.850100	13
0.652900	10
0.503100	230
0.547200	11
0.503100	178
0.547200	7
0.503100	80
0.547200	14
0.503100	34
1.312700	32
3.120100	253
1.312700	1
3.120100	26
0.850100	5
3.120100	44
1.312700	48
0.503100	57
0.547200	4
1.312700	6
0.547200	8
0.850100	17
0.547200	5
0.503100	10
0.547200	3
0.503100	96
0.547200	6
0.503100	46
0.547200	4
0.503100	71
0.547200	92
3.120100	63
0.652900	4
0.547200	67
0.652900	50
1.312700	2
3.120100	10
0.850100	5
0.652900	19
0.850100	11
0.652900	9
1.312700	8
0.652900	6
0.503100	7
0.850100	7
0.503100	4
0.850100	9
0.547200	2
0.503100	10
0.850100	13
0.503100	251
0.547200	7
0.503100	105
0.547200	7
0.503100	68
0.547200	9
0.503100	49
0.547200	4
1.312700	5
0.652900	6
0.503100	11
0.547200	60
0.503100	21
0.850100	7
3.120100	2
0.652900	7
3.120100	15
0.652900	19
0.547200	2
0.652900	9
0.547200	2
0.652900	3
0.547200	4
0.652900	4
0.850100	6
0.652900	3
0.503100	4
0.547200	17
0.503100	99
0.547200	20
0.652900	6
0.850100	35
1.312700	12
0.850100	1
0.652900	8
0.547200	8
0.652900	15
0.547200	43
0.652900	11
0.547200	16
0.652900	6
0.850100	11
0.652900	41
0.547200	38
1.312700	11
0.547200	6
0.652900	9
0.850100	49
3.120100	8
1.312700	27
3.120100	8
1.312700	5
0.850100	5
0.652900	2
0.547200	46
0.652900	10
0.547200	23
1.312700	12
0.547200	30
0.503100	8
0.652900	12
0.503100	322
0.850100	10
0.547200	6
0.503100	16
0.547200	10
0.652900	4
0.850100	1
0.652900	10
0.503100	47
0.547200	25
0.652900	4
0.547200	28
0.503100	9
0.850100	4
3.120100	7
0.850100	20
3.120100	59
0.850100	17
1.312700	6
3.120100	10
0.850100	29
1.312700	8
3.120100	13
1.312700	4
0.850100	6
0.652900	27
0.850100	43
1.312700	55
0.850100	43
1.312700	17
3.120100	76
1.312700	37
3.120100	684
1.312700	2
3.120100	4
1.312700	15
3.120100	22
1.312700	34
3.120100	15
0.850100	10
0.652900	7
0.547200	40
0.652900	36
3.120100	17
0.652900	77
3.120100	11
0.850100	2
0.652900	14
0.850100	20
3.120100	11
1.312700	13
3.120100	15
1.312700	28
3.120100	30
1.312700	24
0.850100	2
1.312700	4
3.120100	2
1.312700	41
3.120100	8
1.312700	5
0.652900	4
0.850100	26
0.547200	17
0.503100	63
0.547200	15
0.503100	49
0.547200	5
0.652900	4
0.547200	23
0.652900	21
0.547200	3
1.312700	4
0.652900	6
0.503100	148
0.850100	3
0.652900	6
0.547200	4
0.503100	80
0.547200	6
0.652900	11
0.503100	30
0.547200	13
0.503100	71
0.850100	20
0.503100	1441
0.503100	997
0.547200	5
0.503100	35
0.547200	10
0.503100	72
0.547200	9
0.503100	909
0.547200	4
0.503100	10
0.547200	37
0.652900	16
0.503100	56
0.547200	4
0.850100	11
0.503100	7
0.547200	4
0.503100	69
0.547200	3
0.850100	4
1.312700	9
0.850100	2
0.652900	36
0.503100	56
0.547200	6
0.503100	52
0.652900	4
1.312700	1
0.652900	11
0.503100	81
0.547200	15
0.503100	133
0.652900	9
0.503100	12
0.547200	11
0.503100	18
0.547200	9
0.503100	319
0.652900	7
0.503100	47
0.547200	4
0.652900	7
0.503100	118
0.652900	4
3.120100	9
0.652900	2
0.503100	71
0.547200	4
0.503100	7
0.547200	8
0.503100	5
0.850100	4
0.652900	9
0.503100	8
0.547200	13
0.503100	18
0.547200	52
0.503100	117
0.652900	4
0.547200	9
0.503100	28
0.547200	16
0.503100	28
0.547200	30
0.503100	25
0.547200	5
0.503100	23
0.547200	5
0.652900	15
0.547200	34
0.503100	21
0.547200	15
0.503100	3
0.547200	54
0.439800	6
0.482700	4
0.439800	33
0.547200	2
0.439800	66
0.652900	13
0.439800	22
0.409400	11
0.439800	32
0.482700	3
0.547200	14
0.482700	7
0.439800	26
0.482700	11
0.547200	4
0.482700	5
0.652900	4
0.482700	10
0.439800	8
0.482700	7
0.547200	2
0.482700	11
0.439800	2
0.482700	15
0.439800	2
0.482700	11
0.409400	1
0.439800	4
0.409400	31
0.439800	81
0.482700	13
0.439800	170
0.652900	9
0.439800	90
0.652900	9
0.439800	34
0.503100	13
0.439800	4
0.482700	4
0.547200	11
0.439800	20
0.482700	8
0.850100	6
0.652900	2
0.850100	2
0.482700	2
0.547200	7
0.482700	4
0.439800	4
0.482700	71
0.547200	9
0.482700	7
0.850100	11
0.482700	40
0.652900	6
3.120100	9
0.652900	5
0.547200	2
0.482700	20
0.547200	25
0.482700	3
0.547200	55
0.482700	17
0.547200	8
0.652900	2
0.850100	10
3.120100	10
0.850100	7
3.120100	11
0.850100	16
0.652900	2
0.547200	1
0.652900	37
0.547200	5
0.652900	14
0.547200	13
0.652900	25
0.547200	8
0.652900	53
0.547200	16
0.652900	3
0.850100	2
0.652900	4
0.547200	28
0.652900	21
0.850100	13
0.652900	4
1.312700	13
0.652900	2
0.547200	27
0.482700	79
0.439800	5
0.482700	47
0.547200	11
0.482700	4
0.850100	11
0.482700	7
0.503100	2
0.482700	52
0.850100	5
1.312700	49
0.652900	4
0.547200	3
0.482700	98
0.547200	9
0.482700	21
0.652900	9
0.482700	2
0.547200	12
0.482700	35
0.850100	11
0.482700	8
0.850100	97
3.120100	11
0.850100	39
0.652900	3
0.850100	9
3.120100	10
0.850100	14
0.652900	15
0.850100	4
1.312700	6
0.850100	42
3.120100	11
1.312700	2
0.850100	7
1.312700	150
3.120100	11
1.312700	9
3.120100	16
1.312700	15
3.120100	12
1.312700	4
3.120100	11
1.312700	32
3.120100	10
1.312700	110
3.120100	10
1.312700	46
0.850100	7
0.652900	4
0.547200	34
0.652900	11
0.547200	49
0.652900	9
0.547200	42
0.652900	11
0.547200	91
0.850100	11
0.547200	54
0.652900	12
0.547200	9
0.482700	114
0.850100	14
0.482700	25
0.356200	16
0.308600	2
0.345300	12
0.503100	2
0.345300	7
0.328900	5
0.336400	16
0.296600	5
0.301900	15
0.299100	2
0.288800	3
0.292300	9
0.287300	4
0.283400	23
0.279400	7
0.281200	14
0.375400	11
0.380000	62
0.279400	4
0.282200	2
0.279400	39
0.283400	3
0.282200	13
0.503100	74
0.493400	5
0.283400	2
0.282200	5
0.280300	9
0.283400	4
0.282200	12
0.280300	29
0.503100	27
0.473600	5
0.280300	28
0.279400	24
0.281200	14
0.279400	6
0.277700	27
0.278500	40
0.277700	1
0.279400	8
0.278500	3
0.281200	4
0.279400	2
0.277700	9
0.277000	2
0.278500	1
0.276300	2
0.277000	2
0.278500	4
0.401500	3
0.420100	2
0.503100	4
0.495100	2
0.503100	3
0.420100	2
0.407300	9
0.427400	2
0.282200	4
0.284500	2
0.503100	7
0.473600	2
0.493400	2
0.503100	4
0.483100	3
0.473600	13
0.464800	5
0.456600	6
0.464800	2
0.281200	5
0.279400	13
0.278500	9
0.277000	2
0.282200	5
0.280300	56
0.282200	3
0.278500	9
0.503100	13
0.495100	9
0.503100	4
0.282200	9
0.284500	1
0.278500	2
0.277000	11
0.278500	2
0.275100	5
0.400200	9
0.416100	4
0.400200	5
0.395500	21
0.391100	2
0.405100	16
0.391100	2
0.383000	13
0.400200	1
0.410400	2
0.416100	2
0.410400	2
0.276300	2
0.277000	5
0.275700	16
0.276300	13
0.277700	12
0.276300	2
0.277700	7
0.276300	4
0.275700	18
0.274500	20
0.273900	2
0.275100	7
0.277000	4
0.277700	5
0.277000	7
0.275700	44
0.276300	5
0.278500	15
0.276300	14
0.279400	5
0.277000	13
0.276300	1
0.275700	4
0.277000	18
0.280300	5
0.277700	9
0.300000	4
0.298500	4
0.320700	5
0.298500	9
0.297100	2
0.295800	1
0.293400	15
0.297100	2
0.294500	14
0.293400	4
0.295800	9
0.294500	3
0.292200	2
0.295800	2
0.293400	12
0.292200	18
0.293400	16
0.292200	36
0.294500	15
0.292200	1
0.297100	4
0.295800	12
0.292200	15
0.291200	10
0.294500	9
0.503100	9
0.496600	3
0.503100	2
0.496600	4
0.503100	112
0.301700	3
0.300000	12
0.301700	2
0.297100	75
0.298500	2
0.297100	4
0.298500	31
0.303400	2
0.300000	13
0.298500	78
0.303400	3
0.298500	8
0.277000	5
0.279400	4
0.277700	13
0.277000	36
0.277700	15
0.277000	54
0.277700	42
0.281200	2
0.280300	14
0.277700	15
0.280300	15
0.279400	3
0.280300	11
0.279400	2
0.277700	51
0.279400	6
0.277700	22
0.503100	11
0.485600	5
0.503100	9
0.476700	25
0.300000	5
0.277700	42
0.282200	3
0.279400	7
0.435500	43
0.451000	2
0.435500	4
0.422100	5
0.435500	2
0.422100	3
0.451000	2
0.443000	2
0.280300	12
0.277700	73
0.280300	3
0.278500	2
0.281200	4
0.280300	10
0.277700	14
0.281200	15
0.280300	1
0.277700	2
0.278500	2
0.282200	5
0.280300	11
0.279400	5
0.278500	14
0.277700	16
0.281200	4
0.279400	11
0.278500	1
0.277000	9
0.279400	10
0.281200	5
0.277000	29
0.280300	5
0.277700	11
0.277000	29
0.280300	1
0.278500	6
0.301700	7
0.298500	7
0.300000	2
0.298500	11
0.300000	9
0.301700	4
0.300000	23
0.298500	70
0.300000	56
0.307200	3
0.303400	4
0.301700	9
0.300000	31
0.303400	7
0.300000	11
0.305200	5
0.303400	25
0.300000	23
0.277700	21
0.277000	20
0.277700	7
0.280300	7
0.278500	3
0.279400	6
0.278500	20
0.503100	12
0.278500	59
0.281200	15
0.278500	59
0.279400	11
0.281200	5
0.279400	2
0.280300	2
0.281200	12
0.284500	2
0.282200	4
0.279400	21
0.283400	5
0.280300	7
0.281200	9
0.280300	13
0.283400	4
0.282200	12
0.279400	9
0.282200	5
0.279400	36
0.282200	6
0.279400	27
0.503100	2
0.279400	88
0.503100	2
0.279400	45
0.278500	17
0.280300	3
0.278500	18
0.279400	75
0.278500	27
0.282200	3
0.281200	13
0.278500	178
0.279400	11
0.280300	5
0.282200	11
0.284500	2
0.282200	12
0.281200	2
0.280300	4
0.279400	24
0.283400	2
0.282200	11
0.283400	3
0.280300	16
0.281200	4
0.280300	1
0.281200	4
0.280300	7
0.283400	7
0.280300	64
0.282200	3
0.280300	14
0.279400	3
0.281200	17
0.280300	19
0.281200	40
0.284500	10
0.283400	6
0.280300	14
0.279400	2
0.280300	13
0.283400	6
0.281200	2
0.283400	3
0.282200	6
0.281200	7
0.280300	75
0.281200	2
0.282200	1
0.283400	22
0.285800	14
0.283400	5
0.288800	4
0.285800	12
0.284500	6
0.283400	18
0.287300	2
0.285800	15
0.283400	51
0.284500	27
0.285800	2
0.284500	4
0.285800	56
0.284500	7
0.285800	26
0.290500	5
0.288800	4
0.290500	7
0.285800	54
0.290500	4
0.294300	2
0.292300	2
0.290500	7
0.285800	5
0.292300	4
0.287300	9
0.285800	25
0.284500	29
0.285800	18
0.284500	12
0.285800	9
0.284500	2
0.288800	2
0.285800	14
0.284500	8
0.285800	3
0.284500	13
0.285800	9
0.288800	4
0.287300	5
0.290500	4
0.288800	1
0.285800	8
0.284500	3
0.283400	27
0.284500	4
0.283400	5
0.284500	4
0.283400	12
0.282200	5
0.285800	4
0.283400	9
0.284500	4
0.285800	12
0.283400	4
0.282200	4
0.277700	21
0.277000	2
0.276300	7
0.279400	8
0.278500	9
0.276300	20
0.278500	7
0.276300	27
0.275100	23
0.274500	11
0.275700	13
0.274500	1
0.276300	4
0.275100	5
0.275700	26
0.276300	2
0.277700	2
0.277000	2
0.275700	2
0.275100	3
0.275700	2
0.275100	4
0.275700	2
0.275100	12
0.277000	4
0.277700	4
0.276300	9
0.275700	2
0.275100	11
0.277000	2
0.276300	7
0.277000	5
0.275700	6
0.278500	15
0.279400	7
0.280300	5
0.284500	6
0.283400	11
0.281200	27
0.280300	6
0.279400	3
0.277700	15
0.279400	1
0.277700	58
0.277000	5
0.277700	2
0.277000	9
0.277700	47
0.279400	35
0.281200	24
0.284500	4
0.281200	35
0.283400	4
0.282200	11
0.281200	2
0.280300	9
0.279400	7
0.281200	11
0.282200	15
0.281200	9
0.282200	46
0.283400	2
0.285800	24
0.288800	4
0.285800	13
0.283400	9
0.284500	12
0.283400	2
0.285800	2
0.284500	2
0.287300	4
0.285800	5
0.283400	2
0.284500	2
0.371100	4
0.366200	9
0.361700	3
0.366200	4
0.361700	6
0.451000	15
0.435500	11
0.443000	1
0.435500	4
0.443000	4
0.435500	3
0.451000	9
0.435500	10
0.428600	85
0.451000	5
0.428600	14
0.459700	2
0.451000	4
0.459700	5
0.451000	6
0.428600	4
0.451000	1
0.435500	2
0.469200	4
0.459700	7
0.469200	2
0.459700	2
0.435500	2
0.451000	11
0.435500	2
0.428600	9
0.503100	11
0.428600	6
0.459700	3
0.451000	13
0.428600	28
0.451000	11
0.459700	3
0.451000	8
0.428600	52
0.435500	9
0.443000	10
0.435500	4
0.503100	9
0.495100	2
0.435500	2
0.459700	15
0.435500	2
0.469200	4
0.459700	11
0.435500	32
0.459700	4
0.435500	15
0.451000	3
0.420100	2
0.407300	6
0.353600	2
0.350000	2
0.353600	13
0.350000	11
0.353600	11
0.357500	8
0.366200	1
0.357500	27
0.371100	4
0.357500	24
0.371100	16
0.357500	28
0.353600	43
0.366200	5
0.357500	10
0.353600	13
0.366200	2
0.371100	4
0.357500	4
0.366200	13
0.357500	8
0.353600	55
0.366200	6
0.357500	10
0.353600	11
0.371100	4
0.357500	12
0.353600	6
0.357500	1
0.353600	12
0.357500	11
0.330900	4
0.334000	13
0.330900	26
0.328100	11
0.344600	2
0.340800	2
0.344600	2
0.337300	4
0.340800	50
0.348800	6
0.316700	9
0.311600	4
0.314000	17
0.326300	18
0.322800	2
0.326300	13
0.322800	4
0.326300	2
0.322800	13
0.319600	3
0.322800	6
0.319600	1
0.311600	45
0.314000	16
0.311600	2
0.316700	5
0.311600	21
0.314000	69
0.316700	13
0.285800	12
0.287300	2
0.285800	2
0.287300	2
0.285800	5
0.284500	20
0.283400	13
0.282200	5
0.285800	2
0.284500	5
0.283400	4
0.281200	6
0.282200	58
0.281200	2
0.280300	38
0.281200	81
0.282200	21
0.283400	4
0.284500	16
0.285800	10
0.288800	12
0.287300	6
0.285800	7
0.282200	5
0.285800	2
0.283400	12
0.282200	9
0.284500	4
0.285800	1
0.283400	15
0.288800	12
0.292300	1
0.287300	18
0.503100	92
0.285800	15
0.290500	4
0.285800	9
0.288800	3
0.285800	9
0.284500	16
0.282200	15
0.281200	7
0.493400	42
0.282200	2
0.285800	4
0.282200	46
0.283400	2
0.503100	11
0.493400	5
0.503100	40
0.283400	17
0.285800	4
0.287300	2
0.284500	10
0.283400	9
0.285800	32
0.290500	6
0.287300	2
0.285800	7
0.284500	2
0.287300	14
0.284500	23
0.283400	4
0.284500	9
0.283400	3
0.282200	4
0.283400	9
0.285800	7
0.284500	2
0.285800	5
0.283400	7
0.287300	4
0.284500	13
0.283400	26
0.284500	4
0.285800	25
0.290500	4
0.288800	3
0.287300	11
0.284500	14
0.285800	22
0.292300	7
0.290500	2
0.292300	3
0.294300	9
0.296600	9
0.299100	4
0.296600	3
0.305000	8
0.301900	3
0.312600	2
0.299100	4
0.292300	21
0.299100	6
0.296600	9
0.290500	12
0.288800	45
0.290500	12
0.292300	2
0.290500	5
0.288800	25
0.290500	2
0.292300	20
0.290500	2
0.299100	1
0.292300	9
0.296600	2
0.294300	4
0.296600	11
0.290500	5
0.288800	2
0.287300	2
0.285800	1
0.284500	20
0.287300	3
0.288800	2
0.285800	18
0.287300	3
0.285800	2
0.287300	7
0.285800	13
0.287300	12
0.285800	45
0.287300	1
0.285800	4
0.287300	16
0.285800	13
0.288800	6
0.292300	1
0.294300	4
0.296600	3
0.290500	2
0.292300	4
0.290500	3
0.285800	33
0.288800	7
0.284500	62
0.285800	31
0.288800	5
0.285800	34
0.288800	4
0.287300	12
0.285800	37
0.287300	2
0.292300	3
0.288800	41
0.294300	7
0.290500	7
0.288800	2
0.285800	39
0.290500	16
0.288800	4
0.285800	23
0.288800	2
0.287300	13
0.285800	27
0.288800	14
0.285800	19
0.292300	4
0.285800	5
0.503100	73
0.288800	4
0.287300	19
0.285800	4
0.287300	3
0.290500	9
0.288800	5
0.285800	58
0.292300	3
0.290500	4
0.288800	3
0.290500	4
0.288800	2
0.292300	3
0.290500	6
0.285800	69
0.290500	2
0.288800	7
0.287300	4
0.284500	23
0.287300	4
0.285800	11
0.284500	2
0.285800	59
0.287300	1
0.285800	4
0.287300	13
0.294300	4
0.288800	13
0.287300	14
0.294300	4
0.292300	13
0.287300	7
0.950000	2
0.287300	6
0.290500	1
0.288800	4
0.292300	9
0.299100	4
0.290500	14
0.288800	6
0.290500	44
0.299100	5
0.292300	9
0.294300	2
0.292300	2
0.290500	5
0.301900	2
0.296600	6
0.299100	1
0.305000	2
0.308600	13
0.299100	12
0.301900	18
0.299100	1
0.296600	8
0.294300	7
0.292300	30
0.290500	13
0.292300	5
0.294300	2
0.296600	12
0.301900	4
0.299100	2
0.294300	9
0.296600	8
0.294300	10
0.292300	3
0.294300	7
0.301900	2
0.299100	4
0.301900	4
0.312600	3
0.308600	2
0.299100	46
0.301900	23
0.305000	3
0.301900	14
0.299100	3
0.301900	9
0.299100	2
0.294300	3
0.292300	39
0.290500	5
0.292300	2
0.290500	23
0.292300	26
0.294300	16
0.296600	2
0.294300	3
0.296600	33
0.294300	6
0.296600	1
0.299100	9
0.296600	3
0.292300	4
0.290500	21
0.288800	5
0.290500	4
0.294300	13
0.290500	72
0.294300	2
0.290500	12
0.288800	14
0.290500	26
0.294300	16
0.290500	26
0.288800	39
0.292300	3
0.288800	12
0.294300	6
0.292300	10
0.288800	159
0.294300	16
0.288800	33
0.294300	8
0.290500	10
0.288800	6
0.292300	5
0.288800	32
0.287300	28
0.292300	4
0.288800	3
0.290500	9
0.288800	41
0.292300	14
0.288800	2
0.294300	4
0.290500	12
0.288800	4
0.294300	3
0.290500	11
0.288800	2
0.290500	49
0.288800	13
0.290500	8
0.294300	4
0.296600	12
0.290500	20
0.296600	5
0.292300	10
0.290500	21
0.296600	2
0.299100	2
0.292300	4
0.290500	19
0.292300	2
0.290500	13
0.292300	9
0.294300	4
0.292300	2
0.290500	15
0.288800	5
0.290500	4
0.288800	17
0.290500	13
0.296600	4
0.292300	4
0.294300	3
0.296600	2
0.299100	4
0.294300	9
0.292300	2
0.290500	5
0.330000	126
0.345300	7
0.356200	8
0.345300	1
0.369800	2
0.356200	4
0.345300	2
0.330000	57
0.326300	4
0.330000	71
0.482700	3
0.439800	5
0.299100	22
0.344200	14
0.364100	2
0.350100	7
0.356600	2
0.364100	5
0.356600	9
0.350100	9
0.344200	3
0.339000	13
0.344200	12
0.339000	4
0.344200	30
0.356600	8
0.350100	4
0.344200	11
0.339000	3
0.334300	13
0.339000	3
0.350100	2
0.344200	2
0.299100	8
0.292300	4
0.290500	34
0.294300	5
0.290500	25
0.294300	5
0.290500	11
0.288800	63
0.287300	2
0.284500	90
0.285800	4
0.287300	15
0.284500	99
0.285800	14
0.284500	59
0.288800	4
0.285800	20
0.284500	29
0.288800	1
0.285800	26
0.284500	18
0.285800	38
0.288800	4
0.290500	5
0.287300	9
0.285800	155
0.288800	14
0.285800	27
0.290500	4
0.285800	100
0.290500	5
0.285800	22
0.290500	9
0.288800	3
0.290500	4
0.285800	74
0.284500	4
0.285800	2
0.284500	12
0.285800	9
0.284500	4
0.285800	12
0.290500	3
0.287300	7
0.285800	6
0.283400	24
0.282200	11
0.285800	2
0.288800	2
0.287300	5
0.288800	7
0.285800	2
0.287300	1
0.285800	6
0.284500	49
0.283400	2
0.282200	21
0.285800	4
0.283400	12
0.282200	45
0.284500	3
0.282200	45
0.285800	11
0.287300	5
0.284500	9
0.282200	23
0.281200	9
0.282200	10
0.285800	4
0.283400	14
0.284500	17
0.314000	8
0.311600	16
0.309300	14
0.316700	7
0.314000	9
0.311600	15
0.316700	5
0.314000	11
0.311600	11
0.319600	5
0.314000	11
0.311600	25
0.283400	48
0.284500	13
0.283400	4
0.284500	52
0.283400	48
0.285800	2
0.284500	13
0.283400	9
0.285800	11
0.288800	3
0.285800	13
0.283400	18
0.282200	20
0.281200	4
0.282200	27
0.503100	20
0.493400	20
0.459700	5
0.282200	2
0.285800	7
0.284500	7
0.282200	34
0.503100	47
0.283400	12
0.285800	10
0.283400	11
0.284500	27
0.288800	5
0.285800	4
0.284500	6
0.283400	15
0.371100	46
0.366200	4
0.371100	14
0.366200	9
0.503100	4
0.427400	8
0.282200	53
0.284500	2
0.285800	14
0.282200	30
0.427400	16
0.420100	14
0.427400	8
0.452900	8
0.474100	9
0.452900	4
0.427400	43
0.452900	14
0.427400	135
0.452900	15
0.427400	2
0.452900	16
0.474100	4
0.452900	1
0.285800	7
0.288800	23
0.299100	7
0.301900	6
0.305000	1
0.308600	2
0.305000	11
0.312600	23
0.305000	12
0.317200	2
0.312600	12
0.305000	7
0.308600	9
0.317200	5
0.312600	4
0.317200	5
0.308600	9
0.305000	62
0.317200	14
0.308600	5
0.305000	14
0.317200	2
0.322600	3
0.308600	13
0.305000	7
0.308600	5
0.322600	5
0.317200	6
0.322600	5
0.308600	3
0.317200	11
0.308600	20
0.305000	14
0.308600	1
0.305000	24
0.312600	1
0.317200	11
0.312600	4
0.301900	24
0.305000	4
0.308600	2
0.317200	3
0.312600	13
0.308600	24
0.312600	2
0.308600	31
0.317200	14
0.308600	37
0.312600	25
0.322600	5
0.328900	4
0.345300	7
0.328900	30
0.322600	2
0.317200	31
0.312600	2
0.317200	24
0.503100	13
0.317200	37
0.322600	6
0.336400	7
0.322600	1
0.328900	6
0.322600	4
0.336400	8
0.317200	11
0.322600	7
0.328900	10
0.322600	3
0.328900	2
0.322600	6
0.317200	1
0.322600	2
0.328900	9
0.322600	21
0.328900	4
0.322600	5
0.328900	4
0.322600	1
0.317200	20
0.322600	3
0.328900	6
0.439800	9
0.409400	2
0.369800	2
0.322600	10
0.317200	6
0.322600	34
0.393800	14
0.407200	4
0.465900	10
0.407200	15
0.442400	11
0.407200	116
0.503100	10
0.322600	3
0.345300	6
0.328900	7
0.336400	2
0.328900	13
0.356200	4
0.336400	3
0.328900	9
0.322600	2
0.503100	10
0.328900	26
0.322600	3
0.503100	13
0.328900	22
0.503100	9
0.328900	6
0.336400	8
0.328900	5
0.503100	11
0.328900	3
0.336400	4
0.328900	7
0.336400	5
0.503100	2
0.336400	2
0.345300	9
0.336400	2
0.503100	2
0.336400	12
0.503100	2
0.336400	19
0.356200	6
0.503100	2
0.387000	3
0.369800	4
0.409400	5
0.387000	2
0.409400	5
0.369800	11
0.409400	11
0.387000	5
0.369800	4
0.387000	2
0.369800	2
0.356200	11
0.345300	6
0.369800	9
0.345300	5
0.336400	2
0.328900	8
0.336400	15
0.356200	4
0.409400	11
0.369800	2
0.356200	35
0.369800	4
0.387000	4
0.369800	3
0.387000	10
0.369800	9
0.345300	2
0.356200	34
0.369800	2
0.356200	24
0.387000	11
0.356200	67
0.369800	15
0.356200	24
0.345300	44
0.387000	13
0.345300	9
0.336400	8
0.345300	9
0.356200	26
0.345300	9
0.356200	4
0.369800	27
0.356200	19
0.409400	11
0.356200	6
0.345300	49
0.356200	2
0.387000	11
0.356200	2
0.345300	51
0.336400	24
0.345300	25
0.336400	6
0.369800	9
0.345300	17
0.356200	10
0.345300	51
0.503100	9
0.345300	6
0.503100	2
0.336400	19
0.369800	13
0.336400	6
0.345300	7
0.356200	2
0.369800	2
0.409400	9
0.387000	4
0.356200	18
0.345300	7
0.336400	5
0.345300	31
0.503100	2
0.345300	3
0.336400	38
0.423100	46
0.442400	3
0.465900	8
0.442400	5
0.423100	4
0.407200	23
0.423100	16
0.503100	9
0.423100	4
0.407200	7
0.393800	11
0.407200	14
0.423100	4
0.503100	2
0.423100	12
0.407200	6
0.442400	5
0.423100	2
0.317200	6
0.503100	12
0.328900	2
0.317200	18
0.503100	4
0.382400	6
0.317200	16
0.503100	4
0.317200	19
0.503100	9
0.328900	17
0.503100	13
0.356200	2
0.322600	8
0.336400	3
0.503100	12
0.336400	2
0.345300	5
0.369800	4
0.345300	19
0.503100	11
0.345300	12
0.336400	3
0.503100	4
0.491800	6
0.356200	4
0.345300	9
0.503100	4
0.491800	6
0.328900	17
0.503100	14
0.360000	12
0.503100	12
0.360000	15
0.503100	8
0.308600	2
0.322600	9
0.336400	2
0.345300	3
0.409400	2
0.356200	2
0.369800	13
0.387000	13
0.356200	2
0.503100	13
0.356200	4
0.345300	2
0.387000	2
0.336400	1
0.439800	4
0.369800	2
0.503100	2
0.369800	2
0.356200	3
0.345300	6
0.336400	4
0.356200	14
0.336400	19
0.328900	24
0.345300	5
0.356200	11
0.345300	4
0.336400	25
0.345300	11
0.336400	11
0.328900	16
0.322600	9
0.317200	4
0.322600	18
0.328900	32
0.336400	6
0.345300	1
0.356200	6
0.345300	3
0.356200	42
0.345300	3
0.328900	9
0.322600	6
0.336400	5
0.369800	7
0.356200	4
0.328900	40
0.336400	12
0.356200	4
0.345300	6
0.328900	13
0.336400	3
0.328900	4
0.336400	13
0.328900	40
0.336400	62
0.328900	30
0.336400	12
0.328900	2
0.322600	17
0.328900	2
0.322600	5
0.328900	2
0.336400	11
0.369800	4
0.387000	5
0.345300	8
0.336400	4
0.356200	9
0.336400	11
0.328900	4
0.345300	5
0.369800	10
0.345300	16
0.336400	22
0.328900	2
0.322600	17
0.328900	11
0.322600	22
0.336400	15
0.328900	15
0.336400	2
0.356200	11
0.328900	46
0.345300	2
0.328900	1
0.322600	33
0.336400	2
0.345300	4
0.336400	2
0.345300	2
0.369800	7
0.356200	4
0.328900	5
0.336400	2
0.328900	2
0.345300	31
0.356200	22
0.345300	23
0.356200	13
0.387000	6
0.439800	11
0.369800	2
0.356200	5
0.345300	11
0.356200	17
0.345300	11
0.503100	2
0.345300	13
0.356200	7
0.387000	2
0.409400	4
0.439800	9
0.369800	11
0.387000	13
0.369800	7
0.400000	2
0.369800	19
0.387000	7
0.409400	5
0.387000	6
0.369800	2
0.387000	3
0.439800	11
0.369800	4
0.387000	2
0.409400	118
0.439800	13
0.409400	7
0.439800	4
0.482700	9
0.547200	2
0.482700	2
0.439800	2
0.482700	4
0.547200	1
1.312700	2
0.850100	2
0.439800	2
0.409400	7
0.387000	11
0.439800	2
0.547200	4
0.439800	25
0.409400	14
0.387000	14
0.439800	2
0.409400	2
0.439800	5
0.482700	6
0.547200	2
0.850100	5
0.652900	47
0.547200	5
0.439800	17
0.652900	11
0.439800	15
0.409400	11
0.439800	14
0.652900	11
0.439800	32
0.547200	11
0.439800	18
0.409400	6
0.439800	3
0.482700	11
0.439800	11
0.409400	2
0.439800	2
0.387000	39
0.369800	5
0.387000	7
0.409400	9
0.369800	2
0.356200	1
0.369800	2
0.495500	9
0.465900	2
0.495500	12
0.442400	15
0.465900	7
0.495500	11
0.465900	16
0.442400	43
0.465900	9
0.495500	25
0.465900	3
0.442400	9
0.495500	11
0.465900	3
0.442400	13
0.510000	99
0.547200	8
0.482700	12
0.547200	9
0.482700	3
0.439800	4
0.547200	9
0.439800	1
0.409400	18
0.439800	28
0.409400	7
0.369800	18
0.387000	30
0.356200	3
0.345300	4
0.356200	10
0.336400	20
0.345300	8
0.387000	2
0.369800	4
0.387000	5
0.345300	7
0.336400	4
0.345300	30
0.356200	11
0.345300	2
0.356200	3
0.503100	11
0.345300	12
0.336400	4
0.328900	27
0.336400	20
0.328900	3
0.336400	20
0.328900	30
0.322600	2
0.423100	3
0.465900	6
0.651900	2
0.465900	3
0.393800	4
0.407200	4
0.372600	9
0.407200	5
0.393800	2
0.423100	7
0.382400	24
0.393800	6
0.407200	5
0.442400	4
0.495500	1
0.423100	8
0.407200	1
0.465900	4
0.442400	11
0.393800	23
0.382400	2
0.393800	20
0.382400	19
0.393800	21
0.423100	4
0.393800	34
0.407200	2
0.442400	4
0.407200	29
0.423100	62
0.495500	2
0.423100	5
0.442400	5
0.495500	2
0.442400	16
0.465900	2
0.442400	37
0.651900	2
0.442400	4
0.651900	14
0.583300	26
0.651900	9
0.583300	13
0.651900	1
0.750900	13
1.000000	19
0.903700	2
1.312700	4
3.120100	11
0.850100	3
0.547200	11
1.312700	4
0.850100	3
1.312700	4
0.547200	9
0.652900	6
0.547200	3
0.482700	6
0.439800	18
0.409400	13
0.439800	36
0.482700	5
3.120100	7
0.652900	5
0.439800	29
0.482700	7
0.547200	4
0.652900	9
0.439800	4
0.482700	9
0.547200	7
0.409400	2
0.387000	1
0.369800	26
0.387000	13
0.369800	5
0.336400	4
0.369800	12
0.336400	8
0.345300	9
0.356200	2
0.345300	9
0.336400	2
0.345300	5
0.369800	11
0.336400	9
0.345300	22
0.356200	23
0.369800	2
0.356200	9
0.369800	13
0.345300	5
0.356200	2
0.345300	23
0.336400	4
0.356200	23
0.345300	16
0.356200	14
0.345300	4
0.356200	27
0.345300	4
0.356200	10
0.345300	19
0.356200	9
0.345300	1
0.356200	4
0.345300	17
0.387000	14
0.356200	2
0.345300	3
0.336400	4
0.345300	8
0.356200	4
0.387000	6
0.369800	4
0.345300	45
0.336400	1
0.356200	4
0.369800	14
0.336400	5
0.345300	5
0.336400	42
0.328900	36
0.345300	11
0.328900	13
0.350000	40
0.356200	4
0.350000	23
0.369800	6
0.387000	8
0.356200	99
0.350000	3
0.356200	38
0.350000	4
0.356200	5
0.369800	4
0.387000	15
0.369800	4
0.387000	5
0.409400	15
0.439800	4
0.482700	7
0.439800	4
0.482700	3
0.439800	23
0.409400	25
0.482700	2
0.439800	11
0.409400	6
0.439800	16
0.547200	6
0.482700	9
0.439800	6
0.652900	1
0.482700	13
0.439800	11
0.652900	6
0.850100	9
0.652900	2
0.850100	2
1.312700	11
0.652900	22
1.312700	22
0.547200	22
0.482700	7
0.547200	2
0.482700	3
0.547200	8
0.652900	2
0.850100	11
0.482700	24
0.547200	10
0.652900	6
0.547200	17
0.482700	27
0.439800	5
0.652900	9
0.547200	40
0.439800	16
0.409400	1
0.369800	54
0.387000	4
0.369800	3
0.387000	62
0.482700	1
0.439800	2
0.369800	3
0.345300	13
0.356200	15
0.369800	17
0.356200	14
0.345300	7
0.387000	3
0.439800	2
0.547200	7
0.652900	2
0.439800	3
0.482700	19
0.547200	10
0.652900	2
0.547200	15
0.482700	38
0.547200	31
0.652900	14
0.547200	2
0.652900	12
0.547200	46
0.482700	20
0.652900	8
0.547200	2
0.482700	70
1.312700	10
3.120100	4
1.312700	1
0.547200	4
0.439800	31
0.482700	26
0.439800	9
0.482700	10
0.547200	10
0.482700	7
0.652900	11
0.482700	26
0.439800	4
0.409400	20
0.439800	12
0.409400	41
0.356200	31
0.409400	42
0.547200	12
0.409400	81
0.547200	9
0.409400	84
0.439800	1
0.409400	4
0.439800	60
0.482700	27
0.409400	1
0.439800	12
0.409400	2
0.387000	7
0.356200	1
0.369800	18
0.345300	8
0.336400	43
0.369800	10
0.356200	2
0.328900	5
0.336400	4
0.369800	12
0.328900	7
0.336400	13
0.328900	19
0.322600	2
0.317200	3
0.322600	12
0.328900	4
0.336400	5
0.322600	5
0.328900	21
0.336400	3
0.328900	38
0.336400	10
0.356200	42
0.345300	34
0.369800	3
0.409400	12
0.356200	4
0.345300	20
0.369800	7
0.345300	37
0.336400	3
0.345300	28
0.336400	10
0.387000	10
0.345300	17
0.336400	7
0.345300	7
0.356200	41
0.345300	13
0.336400	2
0.369800	2
0.336400	3
0.369800	17
0.387000	9
0.482700	10
0.387000	57
0.369800	9
0.387000	23
0.409400	2
0.387000	5
0.409400	4
0.387000	3
0.409400	95
0.387000	63
0.439800	13
0.387000	5
0.482700	5
0.850100	5
0.482700	2
0.387000	14
0.409400	10
0.387000	125
0.409400	18
0.547200	13
0.409400	94
0.439800	20
0.482700	12
0.439800	5
0.409400	20
0.439800	23
0.652900	7
0.547200	5
0.409400	17
0.387000	20
0.369800	19
0.387000	12
0.369800	10
0.387000	46
0.409400	15
0.387000	4
0.369800	12
0.387000	6
0.409400	5
0.439800	4
0.409400	22
0.439800	8
0.409400	38
0.387000	10
0.439800	8
0.482700	2
0.409400	7
0.387000	12
0.369800	35
0.387000	16
0.409400	3
0.387000	8
0.369800	4
0.356200	6
0.369800	14
0.409400	2
0.439800	5
0.652900	1
0.547200	2
0.482700	2
0.547200	7
0.409400	6
0.387000	14
0.439800	32
0.482700	51
0.652900	5
0.547200	5
0.439800	20
0.482700	11
0.439800	3
0.409400	12
0.387000	3
0.409400	7
0.439800	12
0.409400	10
0.387000	7
0.369800	18
0.356200	16
0.387000	8
0.356200	19
0.369800	7
0.387000	37
0.369800	16
0.356200	3
0.369800	5
0.387000	2
0.409400	12
0.387000	24
0.409400	3
0.387000	10
0.369800	24
0.387000	9
0.409400	12
0.387000	7
0.369800	3
0.387000	21
0.409400	49
0.387000	6
0.369800	12
0.387000	5
0.409400	2
0.439800	2
0.482700	33
0.652900	4
0.547200	5
0.482700	2
0.439800	37
0.482700	18
0.439800	1
0.482700	14
0.439800	16
0.409400	4
0.439800	1
0.409400	7
0.439800	6
0.850100	9
0.482700	13
0.439800	14
0.482700	39
0.439800	9
0.409400	5
0.369800	32
0.387000	10
0.369800	23
0.409400	6
0.439800	1
0.387000	9
0.369800	20
0.503100	11
0.369800	9
0.356200	4
0.439800	26
0.482700	2
0.439800	5
0.482700	34
0.547200	39
0.482700	23
0.547200	28
0.652900	9
0.850100	1
0.652900	11
0.547200	10
0.652900	16
0.547200	18
0.652900	7
3.120100	9
0.850100	3
0.547200	3
0.409400	18
0.482700	5
0.547200	11
0.439800	2
0.409400	10
0.439800	6
0.409400	14
0.387000	2
0.482700	2
0.652900	3
0.547200	4
0.652900	18
1.312700	11
0.652900	2
0.547200	31
0.652900	13
0.547200	11
0.850100	9
0.547200	5
3.120100	10
1.312700	2
3.120100	2
1.312700	10
0.547200	9
0.482700	2
0.439800	18
0.482700	3
0.439800	20
0.482700	5
0.439800	26
0.409400	9
0.547200	10
0.482700	23
0.439800	7
0.547200	19
0.652900	16
0.547200	4
0.652900	12
0.547200	1
0.482700	4
0.547200	2
0.652900	3
1.312700	2
0.850100	10
0.482700	4
0.409400	8
0.439800	22
0.652900	4
0.439800	5
0.482700	7
0.439800	3
0.409400	12
0.482700	28
0.439800	5
0.652900	8
0.439800	16
0.387000	2
0.369800	3
0.387000	11
0.369800	6
0.409400	81
0.547200	10
0.439800	4
0.547200	7
0.439800	7
0.482700	3
0.652900	9
0.547200	5
0.652900	7
0.439800	3
0.482700	4
0.439800	1
0.482700	2
0.547200	7
0.482700	3
0.439800	22
0.547200	11
0.439800	3
0.482700	4
0.652900	3
0.482700	10
0.439800	50
0.409400	32
0.387000	7
0.409400	22
0.439800	3
0.409400	12
0.387000	2
0.409400	3
0.439800	8
0.409400	19
0.387000	9
0.409400	13
0.439800	22
0.409400	6
0.439800	3
0.409400	4
0.387000	17
0.369800	7
0.356200	2
0.369800	5
0.503100	9
0.465900	5
0.356200	38
0.369800	62
0.356200	30
0.387000	8
0.503100	4
0.465900	5
0.503100	2
0.387000	3
0.369800	4
0.356200	8
0.369800	9
0.356200	12
0.345300	3
0.409400	11
0.345300	3
0.369800	9
0.356200	8
0.387000	9
0.356200	4
0.387000	10
0.356200	50
0.369800	14
0.356200	3
0.369800	9
0.356200	5
0.387000	8
0.356200	2
0.369800	2
0.356200	5
0.369800	7
0.503100	12
0.369800	2
0.409400	3
0.387000	4
0.369800	5
0.409400	4
0.387000	15
0.409400	48
0.387000	22
0.409400	52
0.439800	5
0.409400	51
0.482700	2
0.652900	3
0.547200	2
0.482700	3
0.652900	45
3.120100	10
1.312700	2
0.850100	5
0.547200	12
1.312700	8
3.120100	18
1.312700	20
0.850100	9
0.652900	2
0.850100	3
1.312700	5
3.120100	29
0.850100	8
0.652900	9
0.850100	9
1.312700	4
0.439800	8
0.482700	13
0.299100	7
0.308600	1
0.299100	4
0.308600	9
0.305000	12
0.308600	2
0.305000	3
0.308600	4
0.288800	17
0.287300	13
0.285800	1
0.290500	4
0.294300	3
0.292300	4
0.290500	2
0.292300	3
0.287300	4
0.288800	19
0.290500	12
0.287300	14
0.296600	2
0.290500	11
0.292300	2
0.294300	1
0.292300	2
0.290500	9
0.292300	3
0.290500	9
0.292300	6
0.290500	7
0.296600	2
0.301900	3
0.294300	11
0.290500	7
0.292300	19
0.294300	7
0.305000	4
0.301900	7
0.308600	2
0.305000	5
0.296600	2
0.299100	9
0.296600	8
0.299100	2
0.301900	2
0.299100	3
0.301900	9
0.299100	11
0.344200	3
0.339000	13
0.344200	3
0.350100	6
0.356600	9
0.350100	3
0.356600	2
0.350100	4
0.364100	7
0.372600	12
0.364100	7
0.372600	2
0.393800	1
0.382400	21
0.393800	7
0.382400	2
0.407200	20
0.393800	7
0.465900	1
0.393800	4
0.465900	17
0.500000	9
0.465900	5
0.495500	16
0.465900	5
0.500000	12
0.495500	9
0.500000	46
0.495500	18
0.500000	12
0.442400	4
0.500000	12
0.465900	5
0.423100	11
0.407200	7
0.423100	5
0.442400	11
0.328900	7
0.503100	1
0.345300	6
0.328900	3
0.336400	9
0.356200	18
0.369800	8
0.409400	2
0.439800	7
0.387000	3
0.409400	6
0.387000	3
0.369800	7
0.387000	2
0.369800	4
0.387000	99
0.409400	20
0.439800	5
0.482700	3
0.439800	4
0.482700	7
0.439800	11
0.409400	2
0.439800	23
0.652900	13
0.439800	30
0.652900	12
0.547200	12
0.439800	45
0.482700	11
0.439800	47
0.651900	14
0.583300	3
0.651900	9
0.533300	5
0.583300	3
0.651900	4
0.583300	1
0.533300	4
0.495500	2
0.533300	3
0.583300	9
0.533300	8
0.583300	7
0.651900	2
0.583300	24
0.533300	1
0.495500	4
0.583300	3
0.533300	2
0.651900	3
0.750900	4
0.583300	5
0.651900	10
0.583300	11
0.533300	12
0.583300	15
0.533300	16
0.651900	2
0.750900	1
0.651900	6
0.583300	16
0.651900	5
0.750900	14
0.903700	14
1.164600	15
0.903700	2
0.547200	1
0.439800	11
0.409400	12
0.387000	2
0.409400	9
0.387000	26
0.369800	25
0.495500	3
0.533300	2
0.583300	30
0.533300	2
0.583300	8
0.409400	9
0.387000	5
0.369800	7
0.387000	42
0.409400	3
0.439800	6
0.409400	5
0.482700	7
0.652900	1
0.850100	9
0.547200	2
0.652900	7
0.547200	5
0.482700	2
0.750900	9
0.651900	6
0.583300	9
0.651900	12
0.583300	5
0.651900	12
0.903700	11
1.164600	2
2.000000	1
1.687600	7
2.000000	13
1.687600	17
1.164600	4
1.687600	8
1.164600	2
0.903700	5
0.651900	4
0.533300	3
0.583300	28
0.651900	9
0.439800	2
0.482700	5
0.547200	12
0.482700	12
0.547200	47
0.482700	42
0.369800	14
0.387000	6
0.409400	3
0.387000	4
0.409400	10
0.439800	23
0.409400	36
0.439800	55
0.409400	20
0.439800	5
0.652900	7
0.547200	2
0.850100	3
0.482700	4
0.439800	9
0.503100	15
0.439800	15
0.409400	4
0.439800	46
0.409400	27
0.387000	16
0.409400	10
0.482700	2
0.439800	25
0.482700	1
0.439800	6
0.482700	81
0.547200	11
0.482700	138
0.547200	9
0.482700	3
0.439800	39
0.409400	110
0.387000	2
0.409400	2
0.439800	3
0.547200	6
0.482700	3
0.439800	4
0.369800	11
0.430000	52
0.482700	48
0.430000	4
0.439800	5
0.430000	80
0.439800	4
0.430000	7
0.439800	4
0.482700	3
0.547200	6
0.482700	2
0.439800	130
0.482700	3
0.439800	10
0.430000	16
0.439800	17
0.430000	9
0.439800	6
0.482700	3
0.430000	74
0.439800	9
0.482700	4
0.439800	5
0.547200	13
0.439800	18
0.430000	60
0.482700	4
0.547200	7
0.430000	6
0.439800	7
0.430000	98
0.439800	12
0.430000	240
0.439800	11
0.430000	3
0.482700	11
0.439800	13
0.430000	4
0.439800	9
0.430000	4
0.547200	4
0.652900	7
0.439800	20
0.482700	9
0.439800	26
0.503100	2
0.439800	142
0.652900	11
0.439800	13
0.430000	18
0.439800	9
0.430000	7
0.439800	29
0.430000	13
0.547200	11
1.312700	5
0.652900	4
0.439800	13
0.482700	4
0.439800	10
0.482700	6
0.652900	5
0.547200	4
0.439800	29
0.430000	61
0.439800	3
0.430000	46
0.439800	18
0.430000	9
0.439800	9
0.482700	3
0.547200	9
0.439800	31
0.482700	2
0.439800	38
0.652900	6
0.547200	9
0.439800	15
0.482700	16
0.439800	44
0.482700	5
0.439800	15
0.430000	3
0.439800	20
0.547200	4
0.439800	2
0.652900	38
0.547200	2
0.430000	22
0.439800	7
0.482700	2
0.547200	26
0.652900	4
0.850100	10
0.547200	33
0.850100	9
0.547200	18
0.482700	7
0.430000	24
0.439800	7
0.430000	363
0.423100	12
0.430000	16
0.423100	14
0.407200	24
0.393800	14
0.430000	7
0.350100	37
0.339000	15
0.334300	3
0.339000	25
0.344200	15
0.339000	3
0.344200	5
0.356600	2
0.339000	13
0.364100	4
0.344200	12
0.339000	47
0.356600	11
0.372600	4
0.344200	13
0.339000	19
0.344200	63
0.364100	16
0.344200	34
0.350100	39
0.393800	14
0.430000	2
0.393800	3
0.430000	387
0.503100	12
0.356200	35
0.369800	10
0.356200	9
0.345300	33
0.356200	7
0.345300	10
0.356200	10
0.345300	7
0.387000	14
0.345300	7
0.387000	10
0.409400	2
0.356200	56
0.409400	11
0.356200	10
0.387000	10
0.345300	2
0.328900	2
0.336400	3
0.328900	63
0.336400	2
0.328900	5
0.336400	58
0.356200	9
0.336400	39
0.345300	7
0.336400	3
0.345300	2
0.336400	5
0.345300	94
0.387000	7
0.345300	43
0.336400	22
0.328900	33
0.345300	5
0.328900	7
0.317200	49
0.328900	4
0.322600	5
0.317200	9
0.312600	28
0.317200	4
0.328900	10
0.312600	32
0.322600	3
0.328900	2
0.312600	25
0.317200	5
0.312600	49
0.317200	1
0.345300	18
0.356200	14
0.345300	2
0.356200	15
0.345300	2
0.336400	20
0.356200	15
0.336400	16
0.345300	3
0.356200	3
0.336400	91
0.356200	15
0.336400	21
0.317200	3
0.336400	14
0.317200	53
0.312600	20
0.308600	31
0.305000	1
0.301900	11
0.299100	22
0.305000	13
0.299100	5
0.301900	21
0.312600	3
0.305000	7
0.308600	3
0.317200	2
0.312600	20
0.308600	7
0.305000	20
0.301900	44
0.317200	4
0.305000	12
0.503100	2
0.299100	31
0.308600	5
0.305000	10
0.299100	7
0.301900	8
0.305000	9
0.312600	12
0.305000	21
0.301900	3
0.299100	16
0.296600	109
0.305000	10
0.312600	5
0.299100	11
0.296600	124
0.305000	5
0.301900	10
0.296600	202
0.299100	2
0.296600	3
0.299100	46
0.305000	5
0.299100	96
0.308600	2
0.305000	4
0.312600	5
0.308600	2
0.305000	6
0.312600	11
0.301900	2
0.299100	9
0.301900	51
0.312600	15
0.301900	36
0.317200	4
0.305000	8
0.308600	14
0.301900	30
0.299100	20
0.301900	2
0.308600	4
0.301900	2
0.299100	2
0.301900	30
0.299100	5
0.301900	8
0.328900	3
0.312600	23
0.322600	24
0.317200	7
0.322600	2
0.317200	3
0.322600	35
0.336400	11
0.356200	6
0.369800	9
0.336400	7
0.369800	2
0.387000	8
0.369800	7
0.356200	19
0.369800	7
0.345300	16
0.336400	2
0.328900	2
0.439800	17
0.547200	15
0.652900	11
0.547200	2
0.652900	3
0.547200	7
1.312700	2
0.652900	4
1.312700	4
3.120100	5
1.312700	6
0.652900	34
0.482700	2
0.439800	35
0.482700	2
0.547200	4
0.652900	2
0.850100	42
1.312700	11
0.850100	19
0.652900	13
1.312700	9
0.850100	2
0.482700	11
0.409400	2
0.482700	2
0.850100	1
0.652900	2
3.120100	8
1.312700	2
0.850100	2
0.482700	2
0.547200	9
0.850100	11
0.482700	2
0.439800	4
0.482700	8
0.439800	2
0.387000	1
0.356200	8
0.345300	6
0.387000	13
0.345300	2
0.369800	20
0.409400	19
0.547200	12
0.850100	2
0.439800	2
0.409400	20
0.369800	31
0.345300	60
0.356200	10
0.369800	25
0.387000	13
0.369800	7
0.356200	8
0.369800	2
0.356200	53
0.345300	45
0.387000	12
0.345300	49
0.369800	18
0.356200	2
0.345300	5
0.369800	19
0.356200	6
0.336400	74
0.345300	7
0.336400	4
0.345300	187
0.387000	14
0.345300	17
0.369800	13
0.356200	3
0.409400	13
0.387000	20
0.409400	2
0.387000	1
0.345300	144
0.356200	9
0.409400	2
0.439800	5
0.482700	11
0.387000	10
0.356200	2
0.409400	2
0.439800	12
0.369800	7
0.345300	9
0.387000	7
0.356200	6
0.387000	1
0.369800	2
0.356200	2
0.369800	9
0.387000	1
0.345300	4
0.336400	26
0.328900	32
0.356200	7
0.336400	7
0.328900	6
0.336400	2
0.345300	14
0.369800	14
0.345300	25
0.336400	6
0.328900	42
0.336400	5
0.356200	5
0.336400	11
0.356200	2
0.369800	10
0.409400	3
0.369800	33
0.409400	5
0.369800	2
0.345300	5
0.409400	2
0.503100	2
0.409400	3
0.503100	9
0.369800	38
0.356200	7
0.336400	5
0.345300	2
0.356200	12
0.369800	25
0.439800	3
0.387000	10
0.409400	2
0.387000	2
0.409400	2
0.439800	6
0.482700	4
0.409400	15
0.439800	30
0.409400	12
0.387000	7
0.369800	32
0.387000	18
0.369800	27
0.356200	7
0.369800	33
0.356200	7
0.345300	14
0.356200	26
0.345300	5
0.336400	31
0.356200	3
0.409400	7
0.369800	9
0.336400	40
0.369800	2
0.336400	11
0.369800	10
0.276300	4
0.277700	9
0.277000	1
0.276300	2
0.275100	65
0.274500	6
0.276300	2
0.275700	14
0.274500	19
0.277000	7
0.276300	11
0.274500	44
0.277000	3
0.276300	13
0.274500	32
0.277000	7
0.276300	10
0.274500	55
0.276300	4
0.277000	2
0.277700	9
0.275700	2
0.274500	30
0.276300	2
0.274500	4
0.273900	3
0.274500	23
0.277000	5
0.276300	11
0.274500	2
0.275100	2
0.277000	6
0.275700	5
0.274500	6
0.273900	60
0.274500	35
0.275700	4
0.274500	70
0.276300	2
0.275100	4
0.276300	4
0.277000	1
0.276300	4
0.275700	8
0.275100	1
0.275700	6
0.274500	2
0.273900	9
0.274500	15
0.275700	8
0.276300	7
0.275100	46
0.274500	14
0.275700	13
0.503100	4
0.496600	4
0.488300	20
0.496600	8
0.503100	5
0.276300	4
0.277000	4
0.277700	36
0.279400	6
0.278500	5
0.277700	4
0.276300	3
0.275700	13
0.277000	3
0.276300	4
0.277000	4
0.279400	5
0.277700	2
0.278500	9
0.277700	9
0.277000	10
0.276300	9
0.278500	4
0.276300	11
0.277000	2
0.276300	4
0.277700	3
0.277000	8
0.276300	2
0.277000	19
0.276300	3
0.277000	6
0.276300	4
0.277000	8
0.277700	1
0.276300	2
0.278500	13
0.279400	2
0.277000	15
0.278500	14
0.275700	28
0.275100	29
0.274500	12
0.273900	72
0.274500	127
0.275100	6
0.276300	37
0.278500	2
0.277000	3
0.276300	2
0.277000	6
0.275700	2
0.275100	1
0.274500	2
0.273900	6
0.274500	7
0.275100	13
0.277000	13
0.279400	4
0.277700	11
0.277000	11
0.276300	2
0.275700	13
0.274500	2
0.273900	11
0.434600	21
0.428900	48
0.434600	5
0.428900	17
0.440500	6
0.428900	110
0.473400	24
0.496600	15
0.473400	7
0.503100	4
0.480600	2
0.488300	3
0.496600	6
0.488300	4
0.473400	15
0.503100	4
0.480600	13
0.473400	103
0.480600	41
0.503100	6
0.488300	11
0.480600	4
0.503100	51
0.496600	3
0.480600	77
0.503100	6
0.488300	4
0.503100	5
0.496600	47
0.503100	2
0.496600	6
0.503100	4
0.479000	13
0.471300	5
0.479000	8
0.487300	17
0.471300	17
0.464100	29
0.471300	2
0.464100	4
0.471300	4
0.457300	1
0.464100	8
0.457300	20
0.450800	15
0.444800	2
0.450800	4
0.457300	3
0.464100	4
0.457300	2
0.450800	4
0.464100	16
0.487300	10
0.479000	5
0.464100	2
0.471300	8
0.464100	3
0.479000	4
0.464100	11
0.457300	32
0.450800	11
0.487300	40
0.503100	4
0.496100	9
0.487300	2
0.464100	2
0.450800	11
0.473400	20
0.480600	4
0.457300	18
0.487300	15
0.496100	15
0.464100	4
0.457300	5
0.487300	6
0.503100	13
0.487300	3
0.479000	10
0.503100	24
0.473600	11
0.464800	17
0.473600	3
0.464800	6
0.456600	2
0.449000	44
0.441900	6
0.429000	13
0.435200	13
0.464800	13
0.483100	2
0.493400	4
0.503100	56
0.493400	27
0.503100	6
0.464800	11
0.456600	43
0.449000	100
0.456600	41
0.449000	2
0.456600	4
0.449000	4
0.456600	41
0.449000	5
0.473600	4
0.456600	2
0.464800	9
0.456600	15
0.483100	4
0.464800	11
0.456600	28
0.449000	14
0.473600	3
0.449000	21
0.473600	4
0.449000	22
0.473600	4
0.464800	6
0.449000	39
0.473600	2
0.449000	27
0.456600	15
0.473600	7
0.464800	8
0.449000	43
0.483100	4
0.456600	13
0.473600	2
0.464800	13
0.441900	4
0.449000	2
0.456600	3
0.441900	34
0.435200	15
0.456600	2
0.473600	4
0.456600	6
0.473600	1
0.456600	12
0.493400	4
0.456600	2
0.429000	1
0.435200	4
0.429000	2
0.435200	4
0.423200	2
0.429000	2
0.435200	5
0.441900	17
0.449000	2
0.441900	2
0.435200	8
0.429000	1
0.423200	29
0.429000	2
0.423200	15
0.417700	2
0.423200	2
0.429000	4
0.423200	2
0.429000	1
0.441900	14
0.429000	2
0.435200	3
0.441900	12
0.435200	15
0.429000	8
0.417700	5
0.441900	6
0.429000	4
0.441900	4
0.464800	3
0.456600	4
0.423200	2
0.429000	6
0.423200	2
0.441900	5
0.449000	10
0.429000	13
0.449000	5
0.441900	6
0.435200	7
0.423200	8
0.503100	2
0.423200	3
0.503100	131
0.416800	2
0.494600	6
0.479600	7
0.494600	4
0.503100	11
0.495500	21
0.503100	28
0.495500	1
0.465900	88
0.372600	14
0.393800	11
0.372600	1
0.382400	13
0.372600	4
0.364100	20
0.356600	56
0.364100	8
0.372600	2
0.382400	1
0.372600	10
0.364100	5
0.393800	2
0.364100	8
0.344200	3
0.339000	8
0.330100	28
0.334300	15
0.326300	51
0.330100	6
0.334300	11
0.344200	11
0.334300	89
0.326300	10
0.330100	1
0.339000	4
0.334300	11
0.322800	6
0.326300	6
0.322800	25
0.326300	4
0.322800	40
0.326300	2
0.322800	272
0.319600	2
0.330100	2
0.334300	16
0.322800	25
0.319600	4
0.322800	5
0.319600	4
0.322800	5
0.319600	5
0.322800	4
0.330100	2
0.326300	3
0.330100	9
0.326300	17
0.334300	5
0.339000	11
0.326300	62
0.330100	4
0.339000	10
0.326300	29
0.330100	16
0.326300	9
0.330100	140
0.334300	2
0.344200	12
0.334300	2
0.339000	3
0.350100	11
0.344200	2
0.330100	5
0.334300	2
0.330100	29
0.316700	173
0.319600	3
0.316700	5
0.326300	4
0.322800	5
0.316700	47
0.322800	3
0.316700	32
0.326300	2
0.319600	4
0.330100	5
0.322800	3
0.319600	2
0.316700	137
0.322800	6
0.330100	3
0.322800	7
0.316700	8
0.322800	5
0.316700	20
0.322800	1
0.316700	29
0.319600	9
0.316700	2
0.326300	14
0.316700	13
0.326300	2
0.319600	15
0.316700	45
0.326300	3
0.330100	11
0.319600	2
0.316700	7
0.319600	15
0.326300	12
0.330100	2
0.319600	7
0.316700	15
0.322800	3
0.316700	23
0.319600	8
0.316700	2
0.319600	21
0.326300	14
0.319600	40
0.326300	2
0.330100	12
0.322800	15
0.319600	14
0.326300	6
0.319600	14
0.326300	4
0.330100	5
0.319600	4
0.330100	4
0.322800	12
0.319600	170
0.330100	6
0.322800	12
0.319600	37
0.326300	2
0.330100	12
0.319600	15
0.326300	2
0.319600	74
0.316700	120
0.322800	4
0.316700	2
0.326300	5
0.322800	9
0.316700	379
0.416800	24
0.424900	2
0.416800	25
0.433700	5
0.416800	58
0.443500	3
0.454300	2
0.494600	11
0.454300	12
0.479600	9
0.454300	6
0.466300	1
0.494600	2
0.503100	7
0.485700	11
0.469100	27
0.504700	5
0.526900	2
0.504700	2
0.485700	9
0.469100	46
0.485700	9
0.469100	5
0.454500	4
0.441700	5
0.430300	6
0.420100	1
0.395200	13
0.410900	4
0.395200	1
0.420100	4
0.395200	16
0.410900	13
0.402700	6
0.395200	48
0.388300	2
0.371100	6
0.382100	3
0.371100	27
0.388300	8
0.382100	9
0.371100	7
0.382100	16
0.371100	65
0.366200	34
0.361700	5
0.376400	4
0.382100	4
0.371100	9
0.361700	9
0.503100	43
0.483100	7
0.503100	4
0.483100	23
0.361700	8
0.376400	4
0.366200	15
0.361700	37
0.357500	33
0.385000	29
0.390400	10
0.385000	4
0.409300	5
0.390400	16
0.361700	2
0.390400	4
0.396200	2
0.416800	16
0.366200	18
0.382100	9
0.388300	4
0.395200	2
0.388300	4
0.376400	4
0.361700	4
0.371100	3
0.382100	6
0.395200	4
0.402700	7
0.388300	2
0.395200	4
0.410900	2
0.395200	6
0.382100	45
0.388300	2
0.382100	4
0.388300	11
0.410900	4
0.402700	2
0.395200	2
0.454500	2
0.395200	4
0.454500	2
0.441700	47
0.454500	8
0.430300	2
0.410900	4
0.402700	31
0.430300	14
0.402700	10
0.420100	2
0.454500	4
0.420100	16
0.454500	11
0.469100	4
0.454500	2
0.469100	2
0.441700	18
0.430300	2
0.420100	8
0.454500	10
0.469100	4
0.485700	9
0.454500	22
0.441700	6
0.454500	12
0.469100	10
0.485700	4
0.469100	27
0.526900	10
0.469100	37
0.454500	6
0.469100	69
0.504700	12
0.469100	7
0.454500	8
0.441700	49
0.430300	2
0.441700	2
0.454500	45
0.504700	4
0.372600	6
0.299100	35
0.317200	9
0.308600	73
0.322600	11
0.308600	4
0.350000	626
0.348800	7
0.350000	59
0.348800	19
0.350000	39
0.348800	15
0.344600	2
0.340800	12
0.344600	9
0.348800	13
0.350000	8
0.348800	4
0.344600	50
0.340800	13
0.344600	12
0.340800	27
0.337300	9
0.503100	24
0.283400	2
0.285800	15
0.283400	31
0.282200	9
0.281200	4
0.282200	20
0.281200	6
0.284500	4
0.281200	9
0.283400	14
0.285800	6
0.284500	6
0.285800	2
0.287300	3
0.284500	10
0.281200	35
0.280300	10
0.279400	115
0.280300	6
0.279400	2
0.280300	26
0.284500	2
0.281200	13
0.280300	2
0.282200	51
0.285800	2
0.284500	14
0.282200	38
0.283400	2
0.285800	8
0.284500	16
0.287300	3
0.285800	11
0.284500	30
0.283400	4
0.287300	2
0.350000	883
0.503100	78
0.350000	1362
0.503100	19
0.464800	3
0.350000	1310
0.434600	3
0.440500	4
0.434600	2
0.428900	13
0.423600	2
0.418600	2
0.413900	7
0.418600	38
0.413900	1
0.423600	4
0.428900	6
0.434600	2
0.440500	1
0.453600	4
0.350000	361
0.344500	3
0.350000	8
0.347200	4
0.344500	1
0.339600	2
0.305000	4
0.306400	2
0.288300	5
0.287500	13
0.271600	30
0.272900	13
0.272500	2
0.271600	5
0.272500	6
0.273900	3
0.272900	11
0.271600	2
0.272000	5
0.271600	63
0.273900	5
0.273400	8
0.272500	1
0.271600	25
0.272900	12
0.272500	2
0.271600	2
0.272000	9
0.271600	12
0.272500	6
0.271600	62
0.272900	6
0.272000	9
0.271600	16
0.272000	38
0.271600	5
0.272000	6
0.271600	16
0.272900	5
0.271600	34
0.272900	15
0.271600	5
0.272000	5
0.273900	4
0.272000	18
0.271600	124
0.272900	3
0.272000	11
0.271600	7
0.272000	11
0.273900	2
0.273400	4
0.272900	10
0.272000	2
0.271600	20
0.273900	5
0.274500	2
0.273400	11
0.272000	5
0.272500	8
0.272000	12
0.273400	5
0.272000	17
0.273400	5
0.272500	9
0.272000	4
0.272500	9
0.272000	18
0.272500	19
0.272900	2
0.273900	3
0.272900	4
0.273400	9
0.272900	38
0.272500	16
0.274500	7
0.272900	5
0.273400	4
0.272900	2
0.272500	5
0.272900	9
0.272500	20
0.272000	7
0.273400	7
0.273900	7
0.272500	13
0.273900	16
0.272500	75
0.274500	4
0.272900	13
0.272500	1
0.460100	4
0.466600	7
0.460100	8
0.439100	12
0.464100	6
0.457300	5
0.439100	4
0.444800	7
0.272900	14
0.272500	15
0.273400	2
0.272500	55
0.273400	9
0.275100	3
0.274500	2
0.272900	11
0.272500	14
0.272900	5
0.273400	9
0.272500	63
0.273900	14
0.272500	37
0.274500	5
0.272900	36
0.272500	20
0.272000	55
0.273400	3
0.273900	2
0.272900	5
0.272500	6
0.272000	23
0.271600	2
0.272500	3
0.271600	53
0.272900	2
0.272500	12
0.271600	58
0.273400	2
0.272000	1
0.273400	13
0.272900	2
0.271600	5
0.272500	4
0.272000	14
0.271600	27
0.272900	4
0.273900	3
0.272900	8
0.272500	9
0.272900	7
0.272000	30
0.271600	6
0.272000	9
0.273400	3
0.272500	9
0.272900	4
0.272500	31
0.273900	14
0.272900	2
0.272500	18
0.272000	24
0.272900	5
0.272000	41
0.273400	9
0.275700	8
0.273900	2
0.274500	7
0.277000	2
0.276300	5
0.275700	7
0.275100	2
0.273900	3
0.275700	4
0.274500	4
0.273900	9
0.274500	7
0.273900	9
0.274500	39
0.273900	4
0.275700	1
0.274500	8
0.273900	3
0.274500	34
0.275700	6
0.274500	5
0.275700	4
0.274500	19
0.273900	42
0.273400	3
0.273900	13
0.273400	7
0.275700	2
0.275100	3
0.275700	11
0.273900	2
0.274500	14
0.273900	25
0.273400	43
0.272900	12
0.272000	22
0.274500	4
0.273900	10
0.273400	2
0.272000	5
0.272500	9
0.272000	58
0.272900	5
0.272000	63
0.273400	17
0.272000	3
0.272500	11
0.272000	42
0.271600	2
0.272000	3
0.272900	6
0.272500	7
0.271600	5
0.272000	8
0.271600	92
0.272000	12
0.272900	4
0.272000	108
0.272900	14
0.272000	18
0.274500	9
0.275100	2
0.275700	11
0.279400	11
0.283400	2
0.280300	9
0.285800	5
0.284500	14
0.283400	2
0.292300	4
0.290500	11
0.287300	1
0.292300	2
0.290500	2
0.285800	2
0.294300	3
0.296600	2
0.301900	2
0.299100	14
0.312600	2
0.322600	15
0.312600	5
0.345300	17
0.356200	5
0.482700	6
0.850100	14
0.482700	3
0.652900	9
0.482700	43
0.369800	11
0.482700	11
0.369800	9
0.482700	4
0.409400	3
0.482700	4
0.328900	5
0.336400	5
0.409400	4
0.328900	4
0.387000	3
0.317200	12
0.356200	2
0.317200	4
0.356200	3
0.322600	13
0.369800	2
0.322600	4
0.369800	3
0.322600	4
0.312600	7
0.345300	2
0.312600	4
0.345300	5
0.317200	11
0.356200	2
0.317200	5
0.356200	4
0.336400	11
0.345300	1
0.336400	4
0.345300	5
0.369800	4
0.345300	11
0.369800	6
0.356200	11
0.345300	2
0.356200	13
0.336400	21
0.305000	18
0.299100	20
0.287300	7
0.292300	2
0.287300	13
0.285800	18
0.292300	3
0.283400	8
0.282200	5
0.281200	2
0.279400	2
0.281200	3
0.277000	6
0.276300	5
0.277700	4
0.276300	9
0.273400	3
0.272900	16
0.271600	33
0.272000	13
0.273900	1
0.272000	2
0.273900	15
0.272500	2
0.272000	3
0.272500	9
0.272000	7
0.272500	38
0.272900	16
0.272500	29
0.275700	4
0.273900	18
0.274500	6
0.275100	9
0.274500	3
0.276300	2
0.277000	6
0.275700	27
0.275100	18
0.277000	2
0.276300	4
0.275700	9
0.274500	119
0.275700	13
0.274500	4
0.273900	58
0.275100	2
0.275700	11
0.274500	2
0.273900	4
0.275100	3
0.275700	6
0.275100	5
0.274500	2
0.275100	9
0.274500	21
0.277000	5
0.276300	9
0.275100	2
0.274500	9
0.276300	6
0.274500	22
0.277000	4
0.276300	12
0.274500	4
0.275100	9
0.274500	35
0.276300	2
0.277000	3
0.277700	8
0.281200	2
0.284500	2
0.287300	3
0.284500	17
0.283400	27
0.282200	9
0.285800	8
0.284500	3
0.285800	4
0.283400	14
0.285800	4
0.283400	13
0.282200	4
0.283400	9
0.282200	24
0.283400	3
0.284500	2
0.287300	4
0.285800	11
0.287300	2
0.285800	12
0.284500	10
0.283400	5
0.284500	4
0.288800	7
0.287300	9
0.284500	4
0.285800	9
0.283400	4
0.284500	9
0.283400	44
0.287300	3
0.285800	12
0.284500	10
0.285800	4
0.284500	2
0.285800	1
0.284500	16
0.283400	7
0.284500	8
0.283400	2
0.284500	13
0.283400	26
0.284500	28
0.283400	76
0.280300	23
0.279400	24
0.277700	20
0.279400	5
0.278500	13
0.277700	9
0.277000	11
0.279400	15
0.277000	1
0.279400	2
0.280300	11
0.278500	2
0.277000	15
0.278500	2
0.277000	39
0.277700	14
0.277000	6
0.277700	2
0.281200	3
0.279400	4
0.278500	6
0.277700	1
0.277000	2
0.277700	13
0.277000	4
0.277700	26
0.277000	18
0.277700	8
0.277000	13
0.277700	5
0.279400	2
0.277700	30
0.277000	6
0.277700	7
0.277000	15
0.278500	12
0.281200	2
0.279400	1
0.277700	2
0.278500	2
0.281200	10
0.278500	2
0.277000	2
0.277700	3
0.278500	6
0.277700	26
0.280300	4
0.277700	4
0.278500	2
0.277700	5
0.277000	6
0.277700	25
0.281200	3
0.282200	2
0.280300	12
0.279400	5
0.280300	16
0.283400	1
0.284500	4
0.283400	8
0.285800	2
0.292300	27
0.294300	2
0.296600	49
0.299100	2
0.296600	2
0.312600	2
0.296600	2
0.294300	1
0.308600	6
0.312600	7
0.308600	6
0.336400	5
0.328900	9
0.356200	2
0.439800	6
0.482700	7
0.409400	3
0.439800	9
0.482700	4
0.439800	4
0.652900	5
0.547200	19
0.652900	30
0.547200	4
1.312700	2
3.120100	18
1.312700	25
3.120100	4
1.312700	6
3.120100	12
0.652900	11
1.312700	6
0.439800	4
0.482700	3
0.409400	4
0.439800	2
0.387000	1
0.409400	2
0.482700	6
0.547200	1
0.652900	15
1.312700	2
0.850100	7
0.482700	2
0.409400	1
0.439800	6
0.482700	3
0.547200	8
0.482700	1
0.439800	4
0.409400	5
0.482700	4
0.547200	2
0.439800	1
0.409400	6
0.387000	11
0.482700	1
0.387000	4
0.482700	9
0.409400	12
0.482700	56
0.439800	7
0.482700	2
0.439800	5
0.482700	28
0.409400	14
0.482700	29
0.439800	4
0.482700	17
0.387000	7
0.369800	4
0.482700	2
0.387000	3
0.652900	6
0.482700	15
0.439800	2
0.482700	5
0.387000	2
0.439800	2
0.409400	7
0.482700	2
0.409400	4
0.482700	50
0.439800	10
0.482700	76
0.409400	10
0.482700	11
0.387000	11
0.482700	2
0.387000	4
0.439800	5
0.409400	2
0.439800	10
0.482700	1
0.439800	4
0.482700	34
0.439800	3
0.482700	6
0.547200	4
0.482700	5
0.439800	13
0.482700	37
0.547200	35
0.439800	9
0.482700	13
0.439800	4
0.547200	11
0.439800	6
0.387000	1
0.439800	10
0.482700	18
0.439800	10
0.482700	25
0.850100	11
0.482700	15
0.409400	7
0.482700	13
0.409400	3
0.439800	2
0.547200	4
0.652900	7
0.439800	11
0.652900	13
0.439800	3
0.547200	8
0.439800	3
0.482700	58
0.439800	13
0.482700	9
0.439800	7
0.482700	46
0.547200	18
0.652900	5
3.120100	11
0.652900	9
0.850100	9
0.547200	20
0.482700	12
0.547200	17
0.482700	9
0.439800	1
0.409400	6
0.482700	9
0.409400	2
0.439800	2
0.482700	3
0.547200	7
0.482700	9
0.547200	9
0.482700	6
0.409400	9
0.482700	7
0.547200	2
0.652900	2
0.850100	18
0.652900	3
1.312700	6
3.120100	4
0.652900	19
0.850100	2
0.652900	7
0.482700	4
0.547200	11
0.482700	8
0.547200	8
0.482700	14
0.547200	11
0.652900	4
0.850100	5
1.312700	13
0.652900	19
0.547200	8
0.652900	11
1.312700	14
0.652900	9
0.482700	18
0.439800	9
0.482700	5
0.547200	49
0.439800	2
0.482700	1
0.439800	4
0.482700	9
0.439800	13
0.482700	26
0.547200	9
0.482700	7
0.439800	13
0.482700	50
0.547200	36
0.652900	4
0.547200	9
0.850100	5
0.652900	11
0.439800	4
0.482700	1
0.652900	8
0.482700	25
0.439800	5
0.482700	2
0.439800	7
0.547200	6
0.387000	2
0.439800	3
0.409400	2
0.387000	9
0.409400	2
0.482700	2
0.409400	7
0.387000	7
0.409400	4
0.387000	1
0.482700	18
0.439800	2
0.482700	12
0.547200	11
0.482700	18
0.439800	4
0.482700	44
0.547200	8
0.652900	14
0.850100	5
1.312700	2
3.120100	4
1.312700	7
0.652900	18
0.547200	25
0.482700	2
0.547200	9
0.482700	5
0.439800	11
0.482700	1
0.547200	6
0.439800	23
0.652900	14
0.439800	9
0.652900	4
0.482700	3
0.387000	2
0.439800	2
0.482700	5
0.652900	4
0.547200	7
0.482700	2
0.439800	5
0.482700	7
0.850100	15
0.482700	2
0.547200	5
1.312700	4
0.850100	7
0.482700	41
0.547200	12
0.482700	4
0.652900	7
0.850100	2
0.547200	4
0.652900	9
0.547200	17
0.482700	22
0.439800	7
0.482700	56
0.439800	32
0.409400	22
0.439800	2
0.409400	5
0.439800	4
0.409400	9
0.482700	3
0.850100	2
1.312700	4
0.850100	1
0.652900	2
0.547200	4
0.409400	18
0.439800	18
0.482700	23
0.439800	22
0.409400	18
0.439800	4
0.409400	24
0.439800	1
0.409400	2
0.439800	4
0.409400	3
0.387000	2
0.345300	2
0.387000	6
0.409400	1
0.369800	2
0.336400	4
0.369800	2
0.482700	1
0.439800	6
0.482700	4
0.439800	3
0.409400	7
0.482700	24
0.439800	8
0.409400	5
0.439800	5
0.482700	52
0.439800	2
0.547200	8
0.439800	2
0.482700	8
0.547200	4
0.482700	60
0.850100	4
0.652900	9
0.439800	4
0.482700	4
0.547200	4
0.409400	5
0.387000	12
0.439800	2
0.387000	2
0.409400	4
0.439800	13
0.547200	5
0.482700	8
0.439800	2
0.409400	11
0.387000	7
0.439800	2
0.387000	4
0.439800	15
0.409400	8
0.439800	5
0.409400	4
0.387000	2
0.369800	2
0.387000	6
0.409400	7
0.439800	4
0.409400	6
0.652900	6
0.547200	3
0.482700	2
0.387000	8
0.409400	3
0.482700	37
0.547200	15
0.482700	13
0.850100	10
0.482700	2
0.652900	13
0.482700	5
0.652900	7
0.482700	60
0.850100	13
0.482700	4
0.652900	9
0.547200	6
0.482700	96
0.850100	11
0.482700	54
0.439800	17
0.482700	3
0.652900	13
0.482700	50
0.503100	20
0.547200	10
0.503100	7
1.312700	8
0.850100	1
0.503100	2
0.652900	6
0.850100	3
0.652900	4
0.503100	13
0.547200	16
0.482700	40
0.547200	11
0.482700	2
0.652900	11
0.482700	1
0.547200	4
0.850100	9
0.547200	4
0.482700	5
0.850100	9
0.482700	8
0.439800	11
0.482700	2
0.652900	39
0.850100	34
3.120100	43
1.312700	77
0.652900	7
0.482700	4
0.652900	9
0.482700	25
0.547200	13
0.482700	30
0.439800	13
0.482700	2
0.850100	1
1.312700	6
3.120100	50
1.312700	2
3.120100	12
1.312700	4
0.850100	10
0.652900	97
3.120100	11
0.850100	5
1.312700	7
0.850100	2
0.652900	5
1.312700	4
3.120100	5
0.850100	4
1.312700	11
0.850100	1
1.312700	4
3.120100	5
1.312700	4
0.850100	4
0.652900	1
0.850100	4
0.547200	5
0.652900	20
3.120100	222
1.312700	32
0.850100	182
3.120100	11
0.850100	48
1.312700	4
0.850100	5
3.120100	11
0.850100	2
1.312700	14
0.850100	7
1.312700	11
0.850100	13
0.652900	11
0.547200	56
0.482700	3
0.652900	11
0.547200	16
0.482700	25
0.439800	11
0.482700	1
0.439800	6
0.482700	30
0.439800	7
0.652900	11
0.439800	5
0.482700	9
0.439800	9
0.482700	18
0.547200	9
0.482700	4
0.547200	9
0.482700	3
0.547200	7
0.482700	36
0.850100	13
0.482700	4
0.547200	14
0.482700	71
0.850100	13
0.482700	5
0.547200	7
0.652900	2
0.482700	9
0.439800	67
0.482700	11
0.439800	32
0.652900	9
0.482700	38
0.850100	4
0.652900	3
3.120100	6
0.652900	4
0.482700	9
0.439800	21
0.409400	3
0.387000	2
0.369800	4
0.439800	4
0.409400	2
0.482700	2
0.439800	2
0.387000	1
0.439800	15
0.387000	29
0.439800	35
0.482700	9
0.439800	2
0.409400	6
0.439800	2
0.409400	13
0.439800	2
0.409400	2
0.439800	1
0.409400	8
0.439800	13
0.482700	30
0.439800	6
0.652900	5
0.482700	2
0.409400	6
0.439800	7
0.409400	39
0.439800	25
0.409400	2
0.439800	7
0.482700	14
0.439800	7
0.547200	7
0.439800	6
0.482700	7
0.439800	23
0.482700	4
0.439800	57
0.409400	19
0.439800	1
0.482700	4
0.439800	8
0.387000	33
0.409400	16
0.439800	11
0.409400	69
0.369800	17
0.356200	56
0.369800	12
0.356200	5
0.369800	8
0.356200	24
0.387000	7
0.356200	15
0.345300	6
0.356200	9
0.345300	33
0.356200	22
0.369800	8
0.356200	4
0.387000	12
0.356200	54
0.387000	7
0.356200	4
0.369800	2
0.356200	7
0.345300	39
0.356200	55
0.387000	12
0.356200	5
0.369800	9
0.356200	32
0.387000	81
0.482700	13
0.387000	3
0.439800	8
0.387000	71
0.482700	2
0.547200	106
2.000000	34
3.120100	2
0.850100	11
0.547200	9
1.312700	8
3.120100	3
1.312700	6
0.547200	4
0.652900	12
0.547200	11
0.482700	28
0.439800	3
0.547200	10
0.482700	7
0.547200	14
0.652900	9
0.482700	2
0.547200	4
0.482700	2
0.547200	3
0.850100	4
3.120100	33
1.312700	2
0.850100	2
1.312700	3
0.652900	4
0.547200	7
0.482700	4
1.312700	2
3.120100	3
0.850100	2
0.652900	4
1.312700	3
0.850100	2
0.482700	4
0.409400	42
0.439800	3
0.482700	2
0.547200	7
0.850100	11
0.482700	3
0.547200	2
0.482700	2
0.439800	14
0.409400	124
1.021600	38
0.409400	1
1.021600	4
1.210100	7
1.021600	14
2.000000	9
0.652900	7
0.547200	2
0.409400	2
0.439800	5
0.482700	9
0.439800	30
0.409400	48
0.387000	6
0.482700	10
0.652900	2
0.439800	7
0.387000	4
0.439800	12
0.387000	6
0.439800	23
0.409400	14
0.482700	21
0.547200	4
1.312700	5
0.850100	6
0.482700	2
0.850100	8
0.652900	6
0.482700	36
0.547200	7
0.652900	16
0.850100	3
1.312700	4
3.120100	100
0.850100	50
3.120100	11
0.850100	4
1.312700	12
0.850100	34
3.120100	9
1.312700	2
0.850100	44
1.312700	5
0.850100	4
1.312700	3
0.850100	6
1.312700	3
0.850100	22
1.312700	9
0.850100	3
1.312700	4
0.850100	4
0.652900	9
1.312700	3
0.850100	4
1.312700	2
3.120100	1
0.850100	4
1.312700	4
0.652900	9
0.850100	3
0.652900	17
0.547200	3
0.652900	44
0.850100	5
3.120100	4
1.312700	5
0.850100	4
1.312700	9
0.652900	59
0.850100	5
0.652900	4
0.850100	4
0.652900	25
0.850100	5
0.652900	124
1.312700	8
0.652900	6
1.312700	21
0.652900	36
0.850100	17
1.312700	2
3.120100	55
0.850100	3
3.120100	9
1.312700	11
3.120100	2
1.312700	23
3.120100	5
1.312700	3
0.850100	47
1.312700	25
0.850100	12
1.312700	2
3.120100	2
1.312700	36
3.120100	9
1.312700	3
3.120100	13
1.312700	34
3.120100	505
0.439800	3
3.120100	8
0.652900	5
0.387000	5
0.439800	15
0.482700	2
0.439800	3
0.482700	108
0.547200	12
0.482700	22
0.850100	11
0.652900	2
0.482700	3
0.547200	11
0.482700	33
0.652900	9
0.482700	4
0.547200	12
0.482700	26
0.652900	3
0.547200	9
0.439800	5
0.482700	8
0.439800	68
0.547200	9
0.482700	4
0.547200	9
0.482700	16
0.547200	9
0.482700	30
0.439800	5
0.482700	9
0.439800	16
0.482700	46
0.439800	10
0.409400	2
0.439800	2
0.547200	5
2.000000	16
3.120100	11
0.547200	2
0.652900	7
1.164600	6
0.903700	7
0.651900	5
0.750900	6
0.651900	21
0.903700	2
1.687600	7
2.000000	4
1.687600	7
3.120100	11
0.850100	3
1.312700	2
0.850100	11
0.652900	9
0.482700	1
0.439800	9
0.652900	2
0.850100	9
0.652900	34
1.312700	3
3.120100	7
0.652900	2
0.850100	2
0.482700	2
0.547200	5
0.482700	5
0.439800	11
0.482700	2
0.439800	3
0.482700	20
1.312700	1
0.547200	4
0.482700	5
0.547200	5
0.482700	4
0.439800	75
0.409400	2
0.387000	2
0.345300	1
0.336400	6
0.345300	3
0.336400	2
0.439800	2
0.387000	4
0.482700	1
0.652900	4
0.482700	34
0.547200	11
1.312700	6
0.850100	4
1.312700	5
0.850100	2
0.547200	4
0.482700	1
0.750900	2
0.903700	4
0.750900	4
1.164600	1
1.687600	4
1.164600	4
0.903700	10
0.547200	8
2.000000	28
1.502400	29
2.000000	14
1.312700	32
3.120100	2
1.312700	14
0.850100	2
1.312700	16
0.850100	2
1.312700	3
3.120100	11
1.312700	5
0.547200	4
0.652900	11
1.312700	3
0.652900	2
0.547200	9
0.482700	7
0.850100	2
1.312700	173
3.120100	421
1.312700	3
3.120100	17
1.312700	9
0.850100	25
3.120100	11
0.850100	2
3.120100	9
1.312700	4
0.850100	51
3.120100	17
1.312700	48
3.120100	11
1.312700	2
3.120100	13
1.312700	1
0.850100	2
1.312700	2
3.120100	7
1.312700	11
0.850100	7
3.120100	14
1.312700	2
3.120100	39
0.850100	4
1.312700	9
3.120100	30
1.312700	85
0.850100	4
1.312700	9
0.850100	25
1.312700	23
3.120100	388
1.312700	9
0.850100	11
0.652900	60
1.312700	2
0.850100	6
0.547200	2
0.439800	4
0.482700	13
0.439800	10
0.482700	11
0.387000	11
0.482700	2
0.387000	4
0.482700	4
0.301900	2
0.317200	5
0.328900	6
0.317200	12
0.292300	22
0.288800	12
0.294300	8
0.299100	2
0.296600	3
0.294300	2
0.288800	2
0.292300	8
0.290500	2
0.288800	3
0.285800	44
0.290500	3
0.288800	10
0.285800	37
0.287300	13
0.285800	2
0.284500	13
0.285800	13
0.284500	7
0.283400	21
0.282200	7
0.285800	4
0.287300	2
0.283400	11
0.282200	20
0.284500	15
0.282200	5
0.284500	7
0.285800	2
0.282200	7
0.283400	6
0.284500	3
0.285800	24
0.281200	3
0.282200	8
0.281200	7
0.282200	2
0.281200	7
0.280300	7
0.279400	2
0.282200	4
0.279400	30
0.281200	11
0.280300	4
0.278500	3
0.279400	9
0.278500	27
0.281200	2
0.279400	13
0.280300	2
0.279400	3
0.328100	2
0.337300	2
0.340800	11
0.283400	22
0.284500	1
0.283400	13
0.282200	4
0.283400	2
0.282200	3
0.283400	4
0.284500	7
0.283400	20
0.287300	5
0.290500	2
0.292300	4
0.290500	3
0.292300	11
0.285800	14
0.284500	9
0.285800	2
0.283400	3
0.285800	2
0.288800	14
0.290500	2
0.288800	3
0.290500	9
0.294300	2
0.292300	7
0.294300	7
0.296600	4
0.294300	5
0.296600	2
0.294300	5
0.292300	2
0.296600	27
0.299100	3
0.296600	2
0.305000	3
0.308600	13
0.299100	12
0.292300	4
0.299100	5
0.294300	9
0.292300	5
0.290500	11
0.292300	1
0.290500	4
0.292300	4
0.294300	5
0.296600	3
0.294300	4
0.292300	2
0.290500	3
0.288800	6
0.290500	9
0.285800	7
0.312600	5
0.485700	11
0.454500	4
0.441700	1
0.485700	2
0.504700	25
0.620800	15
0.795400	1
0.890900	4
0.620800	13
0.795400	3
0.666200	6
0.345300	5
0.356200	2
0.336400	2
0.345300	2
0.356200	5
0.795400	4
0.666200	5
0.722900	9
0.666200	18
1.000000	2
0.666200	2
0.722900	7
0.666200	34
0.620800	21
0.666200	5
0.620800	4
0.583700	5
0.722900	18
0.795400	11
0.722900	21
0.666200	5
0.620800	18
0.583700	32
0.620800	5
0.666200	11
0.552800	4
0.666200	7
0.620800	5
0.552800	9
0.583700	20
0.552800	10
0.666200	2
0.552800	11
0.620800	9
0.722900	7
0.795400	3
0.890900	6
0.583700	17
0.552800	6
0.666200	12
0.552800	7
0.620800	9
0.552800	37
0.526900	6
0.552800	7
0.526900	33
0.552800	6
0.583700	8
0.526900	4
0.552800	3
0.583700	6
0.552800	86
0.583700	128
0.620800	25
0.666200	10
0.722900	4
0.666200	2
0.620800	15
0.722900	11
0.620800	37
0.666200	8
0.795400	8
0.666200	5
0.795400	8
0.722900	16
1.000000	13
0.722900	2
0.795400	3
1.000000	8
0.795400	6
0.890900	7
0.795400	10
0.722900	4
0.890900	4
0.795400	6
0.666200	3
0.722900	12
0.666200	15
0.795400	2
0.890900	13
0.666200	2
0.722900	2
0.547200	9
0.652900	2
0.547200	2
0.387000	2
0.356200	2
0.369800	4
0.439800	5
0.409400	4
0.356200	2
0.345300	2
0.356200	5
0.336400	4
0.322600	4
0.328900	2
0.336400	6
0.328900	5
0.322600	4
0.328900	2
0.322600	17
0.328900	9
0.356200	2
0.369800	20
0.387000	2
0.369800	4
0.387000	18
0.409400	4
0.387000	19
3.120100	2
0.387000	5
0.439800	22
0.482700	6
0.547200	9
1.312700	13
3.120100	6
0.547200	3
0.482700	2
0.439800	7
0.482700	11
0.439800	22
0.482700	13
0.439800	1
0.482700	11
3.120100	40
0.439800	3
0.652900	9
0.547200	4
0.439800	5
0.482700	2
0.652900	2
1.312700	9
3.120100	2
1.312700	14
0.850100	6
3.120100	3
0.850100	16
0.652900	8
0.439800	1
0.482700	10
3.120100	1
0.409400	2
0.387000	2
0.409400	2
0.439800	9
0.409400	9
0.387000	12
0.409400	18
0.369800	2
3.120100	2
0.387000	2
0.409400	10
0.387000	4
0.409400	5
0.482700	2
0.547200	3
0.850100	6
0.652900	2
0.547200	2
0.439800	10
0.547200	15
3.120100	1
0.547200	13
0.439800	1
0.482700	6
0.439800	3
0.409400	4
0.356200	2
0.336400	3
0.345300	7
0.336400	2
0.322600	5
0.328900	7
0.322600	4
3.120100	2
0.356200	7
0.387000	8
0.345300	2
0.328900	25
0.336400	32
3.120100	1
0.336400	30
0.328900	24
3.120100	2
0.322600	4
0.328900	5
0.336400	35
0.369800	12
3.120100	2
0.369800	2
0.336400	16
3.120100	2
0.336400	16
0.356200	12
0.345300	4
3.120100	2
0.345300	10
0.356200	2
0.345300	2
0.387000	1
0.356200	9
0.345300	6
0.336400	1
0.369800	2
0.387000	5
0.356200	2
0.369800	6
0.356200	2
0.345300	9
0.336400	7
0.345300	4
0.369800	14
0.336400	2
0.356200	5
0.369800	8
0.336400	5
0.356200	9
0.336400	5
3.120100	2
0.336400	52
0.356200	5
0.345300	4
3.120100	2
0.345300	5
0.336400	2
0.345300	5
0.369800	2
0.387000	5
0.369800	9
0.336400	4
0.345300	9
0.336400	16
3.120100	2
0.336400	39
0.369800	15
0.336400	3
3.120100	2
0.345300	9
0.336400	12
0.345300	31
0.387000	4
0.345300	2
3.120100	1
0.345300	9
0.409400	4
0.387000	13
0.345300	21
0.387000	3
0.356200	11
3.120100	2
0.345300	2
0.356200	13
0.369800	3
0.345300	40
3.120100	1
0.345300	2
0.356200	27
0.409400	4
0.387000	11
0.356200	1
0.369800	11
3.120100	2
0.356200	13
0.409400	5
0.356200	16
0.387000	4
0.356200	9
0.387000	14
3.120100	2
0.356200	2
0.369800	12
0.356200	36
3.120100	93
0.387000	2
0.356200	2
0.547200	9
0.482700	3
0.387000	2
0.482700	2
0.387000	7
0.439800	5
3.120100	2
0.439800	7
0.409400	2
0.387000	2
0.482700	5
0.409400	10
0.387000	7
0.369800	2
0.356200	9
0.345300	4
0.369800	12
3.120100	2
0.345300	5
0.356200	9
0.345300	19
0.356200	4
0.345300	9
0.356200	12
3.120100	2
0.356200	59
3.120100	2
0.356200	20
0.439800	2
0.369800	14
0.356200	2
0.369800	14
0.356200	6
3.120100	1
0.409400	2
0.356200	16
0.409400	16
0.356200	8
0.345300	3
0.356200	4
0.387000	2
0.369800	5
0.356200	4
3.120100	2
0.387000	3
0.356200	17
0.439800	1
0.482700	4
0.439800	11
0.369800	2
0.356200	3
0.369800	9
0.356200	4
0.387000	4
3.120100	2
0.387000	8
0.369800	17
0.356200	32
3.120100	2
0.356200	38
0.345300	19
3.120100	2
0.345300	30
0.369800	6
0.345300	22
3.120100	2
0.345300	23
0.387000	4
0.345300	16
0.369800	4
0.409400	6
0.439800	4
0.387000	2
3.120100	1
0.387000	4
0.369800	6
0.387000	9
0.336400	19
0.369800	5
0.336400	15
3.120100	2
0.336400	39
0.387000	4
0.345300	13
0.336400	4
3.120100	2
0.345300	8
0.336400	41
0.387000	6
0.369800	2
3.120100	2
0.369800	7
0.336400	6
0.345300	8
0.336400	38
3.120100	1
0.336400	48
0.369800	2
0.345300	8
3.120100	1
0.345300	4
0.336400	15
0.356200	3
0.336400	35
3.120100	2
0.336400	11
0.356200	3
0.336400	71
0.345300	2
0.336400	2
0.387000	2
0.356200	5
0.369800	4
0.439800	7
0.547200	2
0.439800	4
0.482700	2
0.409400	3
3.120100	2
0.409400	11
0.369800	2
0.356200	2
0.369800	9
0.356200	3
0.345300	20
0.409400	11
0.547200	2
3.120100	2
0.547200	5
0.850100	4
0.652900	1
0.482700	2
0.850100	2
0.547200	2
0.482700	4
0.652900	7
0.547200	2
0.439800	19
0.482700	6
0.439800	2
0.482700	2
3.120100	1
0.482700	57
3.120100	2
0.482700	58
3.120100	2
0.482700	17
0.547200	5
1.312700	4
0.652900	4
0.547200	7
0.482700	15
0.439800	10
3.120100	1
0.439800	19
0.547200	13
0.439800	2
1.312700	11
0.850100	4
0.482700	8
3.120100	1
0.482700	8
0.850100	4
0.482700	20
0.439800	8
0.409400	7
0.387000	2
0.369800	10
3.120100	1
0.369800	25
0.409400	3
0.369800	2
0.439800	4
0.409400	11
0.369800	11
0.482700	4
3.120100	2
0.482700	2
0.387000	11
0.369800	11
0.482700	3
0.387000	15
0.369800	15
3.120100	2
0.369800	29
0.482700	2
0.439800	2
0.482700	4
0.652900	7
1.312700	2
0.547200	2
0.482700	5
0.652900	2
0.482700	4
3.120100	4
0.387000	7
0.369800	9
0.356200	8
0.369800	18
0.387000	13
3.120100	1
0.387000	8
0.409400	3
0.547200	2
0.652900	2
0.409400	16
0.547200	6
0.409400	22
3.120100	1
0.409400	58
3.120100	2
0.409400	13
0.482700	2
0.439800	1
0.482700	4
0.439800	2
0.409400	3
0.439800	2
0.409400	4
0.387000	9
0.369800	7
0.439800	2
0.387000	9
3.120100	2
0.387000	4
0.369800	2
0.387000	14
0.369800	33
0.439800	4
0.409400	2
3.120100	1
0.439800	2
0.482700	8
0.409400	5
0.439800	9
0.409400	30
0.387000	4
3.120100	1
0.369800	2
0.387000	2
0.409400	2
0.482700	2
0.547200	4
0.439800	3
0.409400	26
0.439800	9
0.409400	7
0.387000	2
3.120100	2
0.482700	3
0.439800	11
0.369800	18
0.409400	15
0.387000	5
0.409400	6
3.120100	2
0.439800	1
0.409400	11
0.439800	2
0.409400	2
0.439800	2
0.547200	2
0.482700	12
0.439800	2
0.409400	6
0.439800	9
0.409400	9
3.120100	2
0.409400	29
0.387000	4
0.409400	26
3.120100	2
0.409400	12
0.387000	5
0.409400	8
0.387000	33
3.120100	2
0.387000	59
3.120100	1
0.387000	49
0.409400	1
0.387000	8
3.120100	2
0.387000	48
0.409400	2
0.387000	10
3.120100	2
0.387000	29
0.409400	17
0.439800	2
0.409400	10
3.120100	2
0.409400	8
0.439800	21
0.652900	2
0.482700	12
0.439800	2
0.482700	2
0.439800	10
3.120100	2
0.439800	46
0.482700	2
0.439800	10
3.120100	2
0.850100	6
0.482700	8
0.439800	3
0.409400	14
0.369800	6
0.439800	4
0.369800	5
0.387000	2
0.369800	4
0.439800	4
3.120100	2
0.439800	10
0.369800	32
0.387000	2
0.482700	2
0.547200	2
0.652900	2
0.547200	2
0.652900	4
0.850100	4
3.120100	1
0.482700	2
0.547200	2
0.850100	2
0.652900	2
1.312700	21
0.850100	4
1.312700	15
3.120100	2
1.312700	7
0.850100	2
3.120100	2
0.850100	4
0.482700	25
0.652900	3
0.482700	15
0.547200	2
0.482700	4
0.439800	6
3.120100	2
0.439800	5
0.482700	42
0.547200	1
0.482700	10
3.120100	2
0.439800	5
0.547200	6
0.439800	2
0.652900	7
0.547200	30
0.439800	2
0.409400	5
3.120100	2
0.439800	22
0.409400	19
0.547200	1
0.652900	2
0.547200	4
0.652900	2
0.850100	2
1.312700	4
0.652900	1
3.120100	2
0.652900	11
3.120100	4
1.312700	11
0.652900	9
0.850100	6
0.652900	3
0.850100	2
0.652900	13
3.120100	2
0.652900	29
0.547200	7
0.482700	9
0.439800	13
3.120100	2
0.439800	48
0.482700	8
3.120100	9
1.312700	39
0.850100	13
0.652900	1
3.120100	2
0.652900	44
0.850100	14
3.120100	2
0.850100	36
0.652900	11
0.850100	11
3.120100	2
0.850100	4
0.652900	21
0.850100	4
1.312700	18
3.120100	60
1.312700	16
3.120100	5
1.312700	11
0.850100	7
3.120100	11
0.652900	8
0.850100	1
1.312700	6
3.120100	49
1.312700	7
0.652900	9
3.120100	2
0.652900	58
3.120100	1
0.652900	8
0.850100	14
0.652900	9
0.850100	28
3.120100	2
0.850100	19
1.312700	7
3.120100	5
1.312700	2
0.850100	21
3.120100	23
0.850100	17
3.120100	352
0.850100	10
3.120100	56
0.850100	2
1.312700	7
3.120100	54
1.312700	5
0.850100	7
3.120100	62
1.312700	9
0.652900	2
3.120100	1
0.652900	11
0.850100	2
0.652900	12
0.850100	2
0.652900	11
0.547200	21
3.120100	2
0.547200	6
1.312700	2
0.850100	3
3.120100	10
0.850100	15
0.547200	6
0.652900	8
0.850100	2
3.120100	15
0.850100	6
1.312700	6
3.120100	17
1.312700	8
0.850100	4
3.120100	1
1.312700	2
3.120100	55
1.312700	4
3.120100	42
1.312700	7
0.850100	2
3.120100	19
0.652900	2
0.547200	31
1.312700	15
0.850100	2
1.312700	7
3.120100	2
1.312700	4
0.547200	54
3.120100	2
0.547200	25
1.312700	4
0.652900	12
0.547200	6
0.850100	2
1.312700	2
3.120100	71
1.312700	18
3.120100	13
1.312700	27
3.120100	2
1.312700	24
3.120100	4
1.312700	15
3.120100	17
1.312700	30
3.120100	18
1.312700	8
3.120100	1
1.312700	15
3.120100	33
1.312700	12
3.120100	1
1.312700	47
3.120100	2
1.312700	4
3.120100	24
1.312700	2
3.120100	27
1.312700	8
3.120100	24
1.312700	1
3.120100	4
1.312700	35
3.120100	2
1.312700	58
3.120100	15
1.312700	33
3.120100	17
1.312700	47
3.120100	13
1.312700	22
3.120100	1
1.312700	2
3.120100	221
1.312700	10
3.120100	315
1.312700	13
0.850100	4
1.312700	2
3.120100	30
1.312700	4
3.120100	62
1.312700	25
3.120100	8
1.312700	57
3.120100	6
1.312700	56
3.120100	1
1.312700	57
3.120100	14
1.312700	2
3.120100	15
1.312700	28
3.120100	4
1.312700	57
3.120100	1
1.312700	16
3.120100	14
1.312700	29
3.120100	2
1.312700	13
0.850100	13
3.120100	4
0.850100	21
3.120100	5
1.312700	2
3.120100	4
1.312700	3
3.120100	2
1.312700	2
3.120100	17
0.850100	5
1.312700	11
3.120100	8
1.312700	7
0.652900	2
3.120100	2
0.652900	27
3.120100	6
1.312700	9
0.652900	4
0.850100	2
1.312700	7
3.120100	2
1.312700	2
3.120100	17
0.652900	29
0.850100	2
0.652900	9
3.120100	2
0.652900	40
3.120100	4
0.652900	15
3.120100	1
0.652900	8
3.120100	16
0.850100	2
1.312700	18
0.652900	3
0.850100	2
0.652900	9
3.120100	2
0.652900	29
0.850100	7
3.120100	4
0.850100	7
1.312700	2
0.850100	6
3.120100	32
0.850100	8
1.312700	1
3.120100	53
1.312700	18
3.120100	681
0.503100	45
0.850100	7
3.120100	2
0.850100	2
0.482700	7
0.547200	4
0.482700	9
0.850100	35
3.120100	1
0.850100	4
3.120100	4
1.312700	13
0.850100	3
1.312700	2
0.850100	34
3.120100	2
0.850100	43
1.312700	2
0.850100	7
3.120100	14
0.850100	38
3.120100	14
0.850100	27
3.120100	2
0.850100	2
0.547200	7
0.850100	3
0.652900	7
0.850100	2
0.652900	2
0.482700	7
3.120100	2
0.482700	7
0.652900	13
0.482700	3
0.850100	6
0.547200	10
0.482700	9
0.547200	2
0.482700	9
3.120100	2
0.482700	12
0.547200	2
0.482700	20
0.547200	1
0.482700	11
0.547200	9
1.312700	2
3.120100	2
0.652900	10
0.547200	6
0.652900	2
0.547200	17
0.482700	13
0.547200	2
0.482700	9
3.120100	1
0.482700	13
0.652900	3
0.482700	25
0.850100	7
1.312700	2
0.850100	4
3.120100	3
0.652900	2
3.120100	2
0.547200	9
0.482700	21
0.547200	2
0.482700	9
0.547200	2
0.482700	3
0.547200	2
0.482700	2
0.850100	3
0.482700	4
3.120100	2
0.482700	14
0.439800	2
0.369800	7
0.439800	1
0.369800	11
0.439800	2
0.850100	10
1.312700	2
0.850100	6
1.312700	3
3.120100	2
1.312700	16
3.120100	2
1.312700	3
3.120100	2
1.312700	7
0.850100	2
1.312700	2
3.120100	2
0.850100	3
1.312700	4
3.120100	14
1.312700	2
3.120100	2
1.312700	6
3.120100	25
1.312700	11
3.120100	20
1.312700	3
3.120100	98
0.850100	22
0.547200	2
0.409400	4
0.482700	13
0.850100	2
0.652900	4
0.850100	2
0.547200	3
0.439800	4
0.387000	8
0.409400	2
0.652900	3
0.547200	6
3.120100	2
0.652900	6
0.439800	11
0.409400	5
0.482700	20
0.850100	2
1.312700	2
0.850100	2
0.482700	9
3.120100	2
0.439800	7
0.482700	13
0.547200	2
0.482700	17
0.547200	2
0.482700	19
3.120100	2
0.482700	57
3.120100	2
0.482700	13
3.120100	4
1.312700	11
0.482700	30
3.120100	2
0.482700	33
0.439800	2
0.652900	4
0.439800	2
0.482700	2
0.439800	2
0.482700	2
0.439800	3
0.482700	6
3.120100	2
0.482700	2
0.439800	2
0.652900	5
0.482700	36
0.439800	2
0.409400	2
0.547200	2
0.409400	2
0.439800	6
3.120100	2
0.652900	5
0.547200	4
0.439800	15
0.482700	1
0.439800	23
0.482700	2
0.439800	4
0.482700	1
0.439800	2
0.850100	2
3.120100	2
0.652900	12
0.439800	15
0.652900	2
0.439800	4
0.652900	5
0.850100	4
0.482700	6
0.547200	2
0.482700	9
3.120100	2
0.482700	6
1.312700	5
0.850100	12
0.482700	13
0.439800	10
0.482700	2
0.439800	9
3.120100	2
0.439800	47
0.482700	4
0.439800	5
0.547200	2
3.120100	2
0.547200	9
0.439800	19
0.652900	4
0.439800	15
0.482700	2
0.439800	2
0.409400	7
3.120100	2
0.409400	17
0.439800	7
0.850100	4
0.482700	10
0.547200	9
0.652900	2
0.547200	6
0.439800	3
3.120100	2
0.482700	2
0.439800	45
0.482700	2
0.439800	9
3.120100	2
0.439800	2
0.482700	5
0.439800	40
0.482700	4
0.439800	7
3.120100	2
0.482700	1
0.439800	46
0.482700	2
0.439800	9
3.120100	2
0.439800	53
0.409400	2
0.387000	4
3.120100	2
0.387000	4
0.439800	2
0.387000	5
0.439800	18
0.547200	14
0.439800	3
0.482700	2
0.439800	8
0.652900	1
3.120100	2
0.652900	2
0.482700	4
0.439800	9
0.652900	4
0.482700	3
0.652900	6
0.850100	2
0.652900	4
3.120100	3
0.652900	2
3.120100	6
0.850100	2
1.312700	2
0.850100	5
0.652900	4
3.120100	2
0.652900	5
1.312700	15
0.652900	14
1.312700	2
3.120100	15
1.312700	6
3.120100	2
1.312700	2
3.120100	20
0.850100	16
3.120100	6
1.312700	11
0.850100	2
1.312700	2
3.120100	1
1.312700	6
0.652900	34
3.120100	4
0.850100	12
0.652900	4
3.120100	2
0.652900	38
3.120100	17
0.652900	4
3.120100	1
0.652900	17
3.120100	4
0.850100	13
0.652900	13
1.312700	3
3.120100	2
1.312700	6
3.120100	2
1.312700	1
0.652900	10
1.312700	1
0.652900	4
1.312700	18
0.652900	6
0.850100	6
3.120100	14
0.850100	35
1.312700	2
0.850100	18
3.120100	2
0.850100	31
3.120100	5
1.312700	4
3.120100	4
1.312700	3
0.850100	2
1.312700	2
3.120100	13
1.312700	2
0.850100	32
0.652900	11
0.850100	2
0.652900	9
3.120100	2
0.652900	2
3.120100	7
0.850100	9
0.652900	40
3.120100	2
0.652900	4
3.120100	18
0.652900	5
0.850100	15
3.120100	13
1.312700	1
0.850100	2
3.120100	2
0.850100	24
1.312700	1
0.850100	22
1.312700	2
0.850100	4
1.312700	2
0.850100	3
3.120100	2
0.850100	47
1.312700	2
0.850100	10
3.120100	1
0.850100	4
0.652900	4
0.850100	40
1.312700	2
0.850100	7
3.120100	2
0.850100	20
1.312700	2
0.850100	27
1.312700	2
0.850100	9
3.120100	2
0.850100	27
3.120100	22
0.850100	7
3.120100	5
0.850100	46
1.312700	2
0.850100	9
3.120100	2
0.850100	12
3.120100	15
0.850100	20
1.312700	1
0.850100	10
3.120100	1
0.850100	47
1.312700	2
0.850100	6
0.652900	3
3.120100	2
0.652900	40
0.482700	2
0.850100	2
0.652900	3
0.850100	2
0.652900	8
0.482700	1
3.120100	2
0.482700	36
0.850100	11
1.312700	2
0.482700	7
3.120100	2
0.482700	26
1.312700	3
0.850100	13
0.482700	7
0.547200	2
0.482700	9
3.120100	2
0.652900	2
1.312700	4
0.652900	7
0.482700	34
0.547200	2
0.482700	7
3.120100	2
0.482700	29
1.312700	2
0.850100	2
0.482700	16
0.547200	2
0.850100	4
0.652900	5
3.120100	2
1.312700	4
0.652900	9
0.482700	36
0.547200	2
0.482700	7
3.120100	4
0.482700	19
0.652900	6
0.482700	12
0.652900	4
0.482700	15
3.120100	1
0.482700	56
1.312700	4
3.120100	2
0.850100	11
0.482700	47
3.120100	1
0.482700	8
0.547200	16
1.312700	7
0.652900	7
0.547200	8
0.482700	13
3.120100	2
0.482700	10
0.652900	24
0.482700	24
3.120100	2
0.482700	24
0.850100	4
0.652900	11
0.547200	2
0.482700	16
3.120100	2
0.482700	48
0.547200	11
3.120100	2
0.547200	13
1.312700	5
3.120100	7
1.312700	2
0.652900	30
3.120100	2
0.652900	49
1.312700	6
0.652900	4
3.120100	1
0.652900	60
3.120100	1
0.652900	35
3.120100	6
0.850100	9
3.120100	4
1.312700	5
3.120100	2
1.312700	2
3.120100	2
1.312700	2
0.850100	3
0.652900	30
3.120100	5
0.850100	12
0.652900	1
3.120100	8
1.312700	9
0.652900	44
3.120100	2
0.652900	31
0.850100	4
0.652900	20
3.120100	2
0.652900	51
3.120100	15
0.652900	37
3.120100	16
0.652900	2
3.120100	2
0.652900	29
1.312700	4
0.652900	13
0.850100	2
0.652900	9
3.120100	2
0.652900	58
3.120100	2
0.652900	47
3.120100	4
1.312700	7
3.120100	2
1.312700	2
0.652900	34
3.120100	6
0.850100	5
1.312700	2
0.850100	2
0.652900	6
3.120100	1
0.652900	49
0.850100	2
0.652900	9
3.120100	2
0.652900	2
3.120100	2
0.850100	12
0.652900	11
0.850100	20
1.312700	2
0.850100	9
3.120100	2
0.850100	9
0.652900	1
1.312700	2
3.120100	11
0.850100	25
1.312700	2
0.850100	7
3.120100	6
1.312700	21
3.120100	27
1.312700	7
3.120100	2
1.312700	15
3.120100	29
1.312700	14
3.120100	2
1.312700	20
3.120100	233
1.312700	46
3.120100	2
1.312700	29
3.120100	12
0.850100	16
3.120100	2
0.850100	24
0.652900	3
0.850100	4
3.120100	9
0.652900	18
3.120100	2
0.652900	59
3.120100	2
0.652900	42
3.120100	6
0.850100	9
0.652900	2
3.120100	2
0.652900	4
0.850100	3
0.652900	2
0.850100	48
3.120100	2
0.850100	3
0.652900	13
3.120100	1295
1.312700	7
3.120100	2
1.312700	70
3.120100	318
1.312700	4
3.120100	248
1.312700	2
3.120100	16
1.312700	13
0.850100	7
1.312700	40
3.120100	1
1.312700	2
3.120100	6
1.312700	4
3.120100	691
0.503100	16
3.120100	4
0.547200	3
0.503100	15
0.850100	5
0.503100	34
3.120100	4
0.503100	56
3.120100	3
0.439800	49
0.547200	2
1.312700	2
0.652900	4
0.482700	2
3.120100	1
0.482700	6
0.439800	17
0.369800	5
0.439800	6
0.850100	1
0.652900	9
0.336400	6
0.317200	7
3.120100	2
0.317200	2
0.439800	4
0.369800	21
0.356200	18
0.345300	13
3.120100	2
0.345300	14
0.336400	2
0.387000	4
0.356200	11
0.345300	3
0.356200	9
0.409400	2
0.369800	2
0.409400	2
0.547200	9
3.120100	2
0.547200	1
0.409400	16
0.652900	2
0.547200	15
0.409400	24
3.120100	1
0.409400	2
0.439800	29
0.547200	6
0.439800	11
0.482700	2
0.439800	10
3.120100	2
0.439800	5
0.482700	6
0.850100	2
0.482700	2
0.652900	3
0.482700	4
0.439800	4
0.482700	11
1.312700	8
0.850100	2
1.312700	2
0.850100	6
0.482700	3
3.120100	2
0.482700	38
0.547200	10
0.652900	2
0.547200	9
3.120100	2
0.547200	2
0.652900	2
0.547200	9
0.652900	14
3.120100	2
1.312700	13
0.652900	3
0.850100	2
0.652900	9
3.120100	2
0.652900	5
0.850100	56
1.312700	65
3.120100	47
1.312700	2
3.120100	12
0.850100	8
1.312700	1
0.850100	18
0.652900	32
0.850100	6
0.652900	1
3.120100	2
0.652900	2
0.850100	41
0.652900	6
0.850100	7
1.312700	1
0.850100	2
3.120100	33
1.312700	16
0.850100	2
0.652900	9
3.120100	2
0.652900	32
0.850100	8
1.312700	18
3.120100	2
1.312700	9
3.120100	5
0.850100	2
1.312700	5
0.850100	10
3.120100	18
0.850100	3
3.120100	24
0.850100	7
1.312700	15
3.120100	44
1.312700	1
0.850100	33
1.312700	2
3.120100	4
1.312700	23
0.850100	11
3.120100	20
0.850100	2
3.120100	2
0.850100	10
0.652900	8
0.547200	36
0.652900	6
4.500000	36
3.120100	8
4.500000	4
3.120100	4
4.500000	5
3.120100	494
1.312700	41
3.120100	39
1.312700	19
0.652900	69
0.850100	5
0.652900	50
0.850100	11
3.120100	2
0.850100	11
0.652900	2
3.120100	4
0.652900	1
0.850100	26
0.652900	26
3.120100	2
1.312700	11
0.850100	2
0.652900	2
0.547200	18
0.652900	15
0.547200	4
3.120100	3
0.652900	41
1.312700	15
0.652900	29
0.850100	22
1.312700	18
0.850100	48
3.120100	2
1.312700	14
0.850100	17
3.120100	17
0.850100	92
1.312700	4
0.850100	45
3.120100	15
1.312700	2
0.850100	16
1.312700	6
0.850100	89
0.652900	8
0.547200	15
0.652900	37
0.850100	11
1.312700	43
3.120100	16
1.312700	15
0.652900	2
1.312700	39
0.850100	4
0.652900	36
1.312700	4
0.850100	2
1.312700	3
3.120100	10
1.312700	2
0.652900	79
0.850100	11
1.312700	4
3.120100	11
0.850100	8
1.312700	13
0.850100	24
1.312700	17
0.850100	110
1.312700	6
3.120100	11
0.850100	2
1.312700	6
3.120100	9
0.850100	6
1.312700	41
0.850100	4
1.312700	93
3.120100	9
1.312700	180
3.120100	2
1.312700	28
3.120100	15
1.312700	66
3.120100	15
1.312700	91
3.120100	12
1.312700	36
0.850100	2
1.312700	2
3.120100	10
1.312700	86
3.120100	47
1.312700	19
3.120100	12
1.312700	12
3.120100	9
1.312700	35
3.120100	9
1.312700	32
0.850100	99
3.120100	12
0.850100	108
1.312700	23
3.120100	13
1.312700	36
0.850100	2
0.652900	2
0.850100	2
1.312700	5
3.120100	8
0.850100	69
3.120100	7
0.850100	49
1.312700	5
0.652900	19
3.120100	11
0.652900	2
1.312700	11
0.652900	2
0.850100	4
0.652900	13
3.120100	13
0.652900	150
0.850100	95
1.312700	15
0.850100	22
0.652900	17
1.312700	5
0.850100	10
0.652900	22
1.312700	2
3.120100	13
0.652900	20
3.120100	15
0.652900	19
1.312700	7
3.120100	13
0.652900	56
1.312700	4
0.850100	13
0.652900	9
0.850100	2
1.312700	11
0.652900	1
1.312700	6
0.850100	9
0.652900	8
0.850100	5
0.652900	7
1.312700	6
0.652900	83
0.850100	7
1.312700	8
0.547200	1
0.850100	2
0.547200	204
0.652900	15
0.850100	23
3.120100	9
0.850100	6
3.120100	13
0.652900	18
1.312700	6
0.850100	2
0.652900	9
0.850100	15
0.652900	4
0.850100	1
0.652900	120
0.850100	4
0.652900	34
0.850100	60
3.120100	12
0.850100	2
1.312700	3
0.850100	20
1.312700	2
3.120100	13
0.850100	4
1.312700	4
3.120100	12
0.850100	55
0.652900	25
1.312700	4
0.652900	71
0.850100	4
0.652900	14
1.312700	16
0.850100	4
1.312700	14
0.652900	26
0.547200	13
1.312700	4
0.850100	2
3.120100	8
1.312700	2
0.850100	15
0.547200	15
0.850100	15
0.547200	21
0.652900	9
3.120100	2
1.312700	12
0.850100	2
0.547200	49
1.312700	2
0.547200	4
0.652900	7
3.120100	2
1.312700	15
0.547200	23
0.850100	13
0.547200	23
0.652900	30
3.120100	6
0.652900	9
1.312700	10
0.850100	5
0.652900	2
0.547200	41
1.312700	1
3.120100	1442
