0
0
0
0
0
0
0
0
0
0
0
0
0
0
0
0
0
0
0
0
0
0
0
0
0
0
0
0
0
0
0
0
0
0
0
0
0
0
0
0
0
0
0
0
0
0
0
0
0
0
0
0
0
0
0
0
0
0
0
0
0.0174000000000000
0.0174000000000000
0.0173000000000000
0.0173000000000000
0.0173000000000000
0.0173000000000000
0.0173000000000000
0.0173000000000000
0.0173000000000000
0.0173000000000000
0.0173000000000000
0.0173000000000000
0.0173000000000000
0.0173000000000000
0.0173000000000000
0.0173000000000000
0.0173000000000000
0.0173000000000000
0.0173000000000000
0.0173000000000000
0.0173000000000000
0.0173000000000000
0.0173000000000000
0.0173000000000000
0.0173000000000000
0.0173000000000000
0.0173000000000000
0.0173000000000000
0.0173000000000000
0.0173000000000000
0.0173000000000000
0.0173000000000000
0.0172000000000000
0.0172000000000000
0.0172000000000000
0.0172000000000000
0.0172000000000000
0.0172000000000000
0.0172000000000000
0.0172000000000000
0.0172000000000000
0.0173000000000000
0.0173000000000000
0.0173000000000000
0.0173000000000000
0.0173000000000000
0.0173000000000000
0.0173000000000000
0.0173000000000000
0.0173000000000000
0.0173000000000000
0.0173000000000000
0.0173000000000000
0.0173000000000000
0.0174000000000000
0.0174000000000000
0.0174000000000000
0.0174000000000000
0.0173000000000000
0.0173000000000000
0.0173000000000000
0.0173000000000000
0.0173000000000000
0.0173000000000000
0.0173000000000000
0.0173000000000000
0.0173000000000000
0.0173000000000000
0.0173000000000000
0.0173000000000000
0.0173000000000000
0.0173000000000000
0.0173000000000000
0.0173000000000000
0.0173000000000000
0.0174000000000000
0.0174000000000000
0.0174000000000000
0.0174000000000000
0.0174000000000000
0.0174000000000000
0.0174000000000000
0.0174000000000000
0.0173000000000000
0.0173000000000000
0.0173000000000000
0.0173000000000000
0.0173000000000000
0.0173000000000000
0.0173000000000000
0.0173000000000000
0.0173000000000000
0.0173000000000000
0.0173000000000000
0.0173000000000000
0.0173000000000000
0.0173000000000000
0.0173000000000000
0.0173000000000000
0.0173000000000000
0.0173000000000000
0.0173000000000000
0.0173000000000000
0.0173000000000000
0.0173000000000000
0.0173000000000000
0.0173000000000000
0.0173000000000000
0.0173000000000000
0.0173000000000000
0.0173000000000000
0.0173000000000000
0.0173000000000000
0.0173000000000000
0.0173000000000000
0.0173000000000000
0.0173000000000000
0.0173000000000000
0.0172000000000000
0.0172000000000000
0.0172000000000000
0.0172000000000000
0.0173000000000000
0.0173000000000000
0.0173000000000000
0.0173000000000000
0.0174000000000000
0.0174000000000000
0.0174000000000000
0.0174000000000000
0.0176000000000000
0.0176000000000000
0.0176000000000000
0.0176000000000000
0.0176000000000000
0.0176000000000000
0.0176000000000000
0.0176000000000000
0.0176000000000000
0.0177000000000000
0.0177000000000000
0.0177000000000000
0.0177000000000000
0.0177000000000000
0.0176000000000000
0.0176000000000000
0.0176000000000000
0.0176000000000000
0.0176000000000000
0.0176000000000000
0.0176000000000000
0.0176000000000000
0.0177000000000000
0.0177000000000000
0.0177000000000000
0.0177000000000000
0.0177000000000000
0.0177000000000000
0.0177000000000000
0.0177000000000000
0.0177000000000000
0.0177000000000000
0.0177000000000000
0.0177000000000000
0.0177000000000000
0.0176000000000000
0.0176000000000000
0.0176000000000000
0.0176000000000000
0.0177000000000000
0.0177000000000000
0.0177000000000000
0.0177000000000000
0.0177000000000000
0.0177000000000000
0.0177000000000000
0.0177000000000000
0.0177000000000000
0.0177000000000000
0.0177000000000000
0.0177000000000000
0.0177000000000000
0.0177000000000000
0.0177000000000000
0.0177000000000000
0.0177000000000000
0.0177000000000000
0.0177000000000000
0.0177000000000000
0.0177000000000000
0.0178000000000000
0.0178000000000000
0.0178000000000000
0.0178000000000000
0.0180000000000000
0.0180000000000000
0.0180000000000000
0.0180000000000000
0.0177000000000000
0.0177000000000000
0.0177000000000000
0.0177000000000000
0.0177000000000000
0.0177000000000000
0.0177000000000000
0.0177000000000000
0.0178000000000000
0.0178000000000000
0.0178000000000000
0.0178000000000000
0.0180000000000000
0.0180000000000000
0.0180000000000000
0.0180000000000000
0.0180000000000000
0.0180000000000000
0.0180000000000000
0.0180000000000000
0.0180000000000000
0.0178000000000000
0.0178000000000000
0.0178000000000000
0.0178000000000000
0.0178000000000000
0.0178000000000000
0.0178000000000000
0.0178000000000000
0.0177000000000000
0.0177000000000000
0.0177000000000000
0.0177000000000000
0.0177000000000000
0.0177000000000000
0.0177000000000000
0.0177000000000000
0.0178000000000000
0.0178000000000000
0.0178000000000000
0.0178000000000000
0.0178000000000000
0.0178000000000000
0.0178000000000000
0.0178000000000000
0.0178000000000000
0.0178000000000000
0.0178000000000000
0.0178000000000000
0.0178000000000000
0.0178000000000000
0.0178000000000000
0.0178000000000000
0.0178000000000000
0.0178000000000000
0.0178000000000000
0.0178000000000000
0.0178000000000000
0.0178000000000000
0.0178000000000000
0.0178000000000000
0.0178000000000000
0.0174000000000000
0.0174000000000000
0.0174000000000000
0.0174000000000000
0.0174000000000000
0.0176000000000000
0.0176000000000000
0.0176000000000000
0.0176000000000000
0.0176000000000000
0.0176000000000000
0.0176000000000000
0.0176000000000000
0.0176000000000000
0.0176000000000000
0.0176000000000000
0.0176000000000000
0.0177000000000000
0.0177000000000000
0.0177000000000000
0.0177000000000000
0.0177000000000000
0.0177000000000000
0.0177000000000000
0.0177000000000000
0.0178000000000000
0.0178000000000000
0.0178000000000000
0.0178000000000000
0.0179000000000000
0.0179000000000000
0.0179000000000000
0.0179000000000000
0.0178000000000000
0.0178000000000000
0.0178000000000000
0.0178000000000000
0.0178000000000000
0.0178000000000000
0.0178000000000000
0.0178000000000000
0.0178000000000000
0.0178000000000000
0.0178000000000000
0.0178000000000000
0.0178000000000000
0.0178000000000000
0.0178000000000000
0.0178000000000000
0.0178000000000000
0.0178000000000000
0.0178000000000000
0.0178000000000000
0.0179000000000000
0.0179000000000000
0.0179000000000000
0.0179000000000000
0.0180000000000000
0.0180000000000000
0.0180000000000000
0.0180000000000000
0.0180000000000000
0.0180000000000000
0.0180000000000000
0.0180000000000000
0.0180000000000000
0.0180000000000000
0.0180000000000000
0.0180000000000000
0.0180000000000000
0.0180000000000000
0.0180000000000000
0.0180000000000000
0.0180000000000000
0.0180000000000000
0.0180000000000000
0.0180000000000000
0.0180000000000000
0.0180000000000000
0.0180000000000000
0.0180000000000000
0.0180000000000000
0.0180000000000000
0.0180000000000000
0.0180000000000000
0.0179000000000000
0.0179000000000000
0.0179000000000000
0.0179000000000000
0.0179000000000000
0.0179000000000000
0.0179000000000000
0.0179000000000000
0.0179000000000000
0.0179000000000000
0.0179000000000000
0.0179000000000000
0.0180000000000000
0.0180000000000000
0.0180000000000000
0.0180000000000000
0.0182000000000000
0.0182000000000000
0.0182000000000000
0.0182000000000000
0.0179000000000000
0.0179000000000000
0.0179000000000000
0.0179000000000000
0.0180000000000000
0.0180000000000000
0.0180000000000000
0.0180000000000000
0.0181000000000000
0.0181000000000000
0.0181000000000000
0.0181000000000000
0.0181000000000000
0.0181000000000000
0.0181000000000000
0.0181000000000000
0.0181000000000000
0.0181000000000000
0.0181000000000000
0.0181000000000000
0.0181000000000000
0.0181000000000000
0.0181000000000000
0.0181000000000000
0.0181000000000000
0.0181000000000000
0.0181000000000000
0.0181000000000000
0.0181000000000000
0.0181000000000000
0.0181000000000000
0.0181000000000000
0.0181000000000000
0.0181000000000000
0.0181000000000000
0.0181000000000000
0.0181000000000000
0.0180000000000000
0.0180000000000000
0.0180000000000000
0.0180000000000000
0.0181000000000000
0.0181000000000000
0.0181000000000000
0.0181000000000000
0.0181000000000000
0.0181000000000000
0.0181000000000000
0.0181000000000000
0.0180000000000000
0.0180000000000000
0.0180000000000000
0.0180000000000000
0.0180000000000000
0.0180000000000000
0.0180000000000000
0.0180000000000000
0.0180000000000000
0.0180000000000000
0.0180000000000000
0.0180000000000000
0.0180000000000000
0.0180000000000000
0.0180000000000000
0.0180000000000000
0.0180000000000000
0.0181000000000000
0.0181000000000000
0.0181000000000000
0.0181000000000000
0.0180000000000000
0.0180000000000000
0.0180000000000000
0.0180000000000000
0.0181000000000000
0.0181000000000000
0.0181000000000000
0.0181000000000000
0.0180000000000000
0.0180000000000000
0.0180000000000000
0.0180000000000000
0.0179000000000000
0.0179000000000000
0.0179000000000000
0.0179000000000000
0.0180000000000000
0.0180000000000000
0.0180000000000000
0.0180000000000000
0.0180000000000000
0.0180000000000000
0.0180000000000000
0.0180000000000000
0.0182000000000000
0.0182000000000000
0.0182000000000000
0.0182000000000000
0.0179000000000000
0.0179000000000000
0.0179000000000000
0.0179000000000000
0.0180000000000000
0.0180000000000000
0.0180000000000000
0.0180000000000000
0.0180000000000000
0.0180000000000000
0.0180000000000000
0.0180000000000000
0.0180000000000000
0.0180000000000000
0.0180000000000000
0.0180000000000000
0.0180000000000000
0.0181000000000000
0.0181000000000000
0.0181000000000000
0.0181000000000000
0.0180000000000000
0.0180000000000000
0.0180000000000000
0.0180000000000000
0.0181000000000000
0.0181000000000000
0.0181000000000000
0.0181000000000000
0.0181000000000000
0.0181000000000000
0.0181000000000000
0.0181000000000000
0.0181000000000000
0.0181000000000000
0.0181000000000000
0.0181000000000000
0.0181000000000000
0.0181000000000000
0.0181000000000000
0.0181000000000000
0.0181000000000000
0.0181000000000000
0.0181000000000000
0.0181000000000000
0.0181000000000000
0.0181000000000000
0.0181000000000000
0.0181000000000000
0.0181000000000000
0.0181000000000000
0.0181000000000000
0.0181000000000000
0.0181000000000000
0.0181000000000000
0.0181000000000000
0.0181000000000000
0.0183000000000000
0.0183000000000000
0.0183000000000000
0.0183000000000000
0.0186000000000000
0.0186000000000000
0.0186000000000000
0.0186000000000000
0.0184000000000000
0.0184000000000000
0.0184000000000000
0.0184000000000000
0.0184000000000000
0.0184000000000000
0.0184000000000000
0.0184000000000000
0.0185000000000000
0.0185000000000000
0.0185000000000000
0.0185000000000000
0.0184000000000000
0.0184000000000000
0.0184000000000000
0.0184000000000000
0.0184000000000000
0.0184000000000000
0.0184000000000000
0.0184000000000000
0.0186000000000000
0.0186000000000000
0.0186000000000000
0.0186000000000000
0.0186000000000000
0.0186000000000000
0.0186000000000000
0.0186000000000000
0.0182000000000000
0.0182000000000000
0.0182000000000000
0.0182000000000000
0.0184000000000000
0.0184000000000000
0.0184000000000000
0.0184000000000000
0.0184000000000000
0.0184000000000000
0.0184000000000000
0.0184000000000000
0.0185000000000000
0.0185000000000000
0.0185000000000000
0.0185000000000000
0.0187000000000000
0.0187000000000000
0.0187000000000000
0.0187000000000000
0.0182000000000000
0.0182000000000000
0.0182000000000000
0.0182000000000000
0.0182000000000000
0.0182000000000000
0.0182000000000000
0.0182000000000000
0.0184000000000000
0.0184000000000000
0.0184000000000000
0.0184000000000000
0.0184000000000000
0.0183000000000000
0.0183000000000000
0.0183000000000000
0.0184000000000000
0.0184000000000000
0.0184000000000000
0.0184000000000000
0.0184000000000000
0.0184000000000000
0.0184000000000000
0.0184000000000000
0.0185000000000000
0.0185000000000000
0.0185000000000000
0.0185000000000000
0.0187000000000000
0.0187000000000000
0.0187000000000000
0.0187000000000000
0.0188000000000000
0.0188000000000000
0.0188000000000000
0.0188000000000000
0.0186000000000000
0.0186000000000000
0.0186000000000000
0.0186000000000000
0.0187000000000000
0.0187000000000000
0.0187000000000000
0.0187000000000000
0.0192000000000000
0.0192000000000000
0.0192000000000000
0.0192000000000000
0.0191000000000000
0.0191000000000000
0.0191000000000000
0.0191000000000000
0.0195000000000000
0.0195000000000000
0.0195000000000000
0.0195000000000000
0.0201000000000000
0.0201000000000000
0.0201000000000000
0.0201000000000000
0.0211000000000000
0.0211000000000000
0.0211000000000000
0.0211000000000000
0.0199000000000000
0.0199000000000000
0.0199000000000000
0.0199000000000000
0.0194000000000000
0.0194000000000000
0.0194000000000000
0.0194000000000000
0.0193000000000000
0.0193000000000000
0.0193000000000000
0.0193000000000000
0.0189000000000000
0.0189000000000000
0.0189000000000000
0.0189000000000000
0.0189000000000000
0.0189000000000000
0.0189000000000000
0.0189000000000000
0.0188000000000000
0.0188000000000000
0.0188000000000000
0.0188000000000000
0.0186000000000000
0.0186000000000000
0.0186000000000000
0.0186000000000000
0.0186000000000000
0.0186000000000000
0.0186000000000000
0.0186000000000000
0.0186000000000000
0.0186000000000000
0.0186000000000000
0.0186000000000000
0.0185000000000000
0.0185000000000000
0.0185000000000000
0.0185000000000000
0.0184000000000000
0.0184000000000000
0.0184000000000000
0.0184000000000000
0.0183000000000000
0.0183000000000000
0.0183000000000000
0.0183000000000000
0.0183000000000000
0.0183000000000000
0.0183000000000000
0.0183000000000000
0.0182000000000000
0.0182000000000000
0.0182000000000000
0.0182000000000000
0.0182000000000000
0.0182000000000000
0.0182000000000000
0.0182000000000000
0.0181000000000000
0.0181000000000000
0.0181000000000000
0.0181000000000000
0.0180000000000000
0.0180000000000000
0.0180000000000000
0.0180000000000000
0.0180000000000000
0.0180000000000000
0.0180000000000000
0.0180000000000000
0.0177000000000000
0.0177000000000000
0.0177000000000000
0.0177000000000000
0.0177000000000000
0.0177000000000000
0.0177000000000000
0.0177000000000000
0.0177000000000000
0.0177000000000000
0.0177000000000000
0.0176000000000000
0.0176000000000000
0.0176000000000000
0.0176000000000000
0.0177000000000000
0.0177000000000000
0.0177000000000000
0.0177000000000000
0.0179000000000000
0.0179000000000000
0.0179000000000000
0.0179000000000000
0.0180000000000000
0.0180000000000000
0.0180000000000000
0.0180000000000000
0.0180000000000000
0.0180000000000000
0.0180000000000000
0.0180000000000000
0.0181000000000000
0.0181000000000000
0.0181000000000000
0.0181000000000000
0.0182000000000000
0.0182000000000000
0.0182000000000000
0.0182000000000000
0.0183000000000000
0.0183000000000000
0.0183000000000000
0.0182000000000000
0.0182000000000000
0.0182000000000000
0.0182000000000000
0.0182000000000000
0.0182000000000000
0.0182000000000000
0.0182000000000000
0.0181000000000000
0.0181000000000000
0.0181000000000000
0.0181000000000000
0.0180000000000000
0.0180000000000000
0.0180000000000000
0.0180000000000000
0.0181000000000000
0.0181000000000000
0.0181000000000000
0.0181000000000000
0.0182000000000000
0.0182000000000000
0.0182000000000000
0.0182000000000000
0.0183000000000000
0.0183000000000000
0.0183000000000000
0.0183000000000000
0.0184000000000000
0.0184000000000000
0.0184000000000000
0.0184000000000000
0.0184000000000000
0.0184000000000000
0.0184000000000000
0.0183000000000000
0.0183000000000000
0.0183000000000000
0.0183000000000000
0.0187000000000000
0.0187000000000000
0.0187000000000000
0.0187000000000000
0.0184000000000000
0.0184000000000000
0.0184000000000000
0.0184000000000000
0.0182000000000000
0.0182000000000000
0.0182000000000000
0.0182000000000000
0.0180000000000000
0.0180000000000000
0.0180000000000000
0.0180000000000000
0.0179000000000000
0.0179000000000000
0.0179000000000000
0.0178000000000000
0.0178000000000000
0.0178000000000000
0.0178000000000000
0.0178000000000000
0.0178000000000000
0.0178000000000000
0.0178000000000000
0.0177000000000000
0.0177000000000000
0.0177000000000000
0.0177000000000000
0.0177000000000000
0.0177000000000000
0.0177000000000000
0.0177000000000000
0.0177000000000000
0.0177000000000000
0.0177000000000000
0.0177000000000000
0.0176000000000000
0.0176000000000000
0.0176000000000000
0.0176000000000000
0.0177000000000000
0.0177000000000000
0.0177000000000000
0.0177000000000000
0.0177000000000000
0.0177000000000000
0.0177000000000000
0.0177000000000000
0.0179000000000000
0.0179000000000000
0.0179000000000000
0.0179000000000000
0.0179000000000000
0.0179000000000000
0.0179000000000000
0.0180000000000000
0.0180000000000000
0.0180000000000000
0.0180000000000000
0.0180000000000000
0.0180000000000000
0.0180000000000000
0.0180000000000000
0.0180000000000000
0.0180000000000000
0.0180000000000000
0.0180000000000000
0.0180000000000000
0.0180000000000000
0.0180000000000000
0.0180000000000000
0.0182000000000000
0.0182000000000000
0.0182000000000000
0.0182000000000000
0.0187000000000000
0.0187000000000000
0.0187000000000000
0.0187000000000000
0.0187000000000000
0.0187000000000000
0.0187000000000000
0.0186000000000000
0.0186000000000000
0.0186000000000000
0.0186000000000000
0.0184000000000000
0.0184000000000000
0.0184000000000000
0.0184000000000000
0.0184000000000000
0.0184000000000000
0.0184000000000000
0.0184000000000000
0.0184000000000000
0.0184000000000000
0.0184000000000000
0.0184000000000000
0.0184000000000000
0.0184000000000000
0.0184000000000000
0.0184000000000000
0.0183000000000000
0.0183000000000000
0.0183000000000000
0.0183000000000000
0.0182000000000000
0.0182000000000000
0.0182000000000000
0.0183000000000000
0.0183000000000000
0.0183000000000000
0.0183000000000000
0.0186000000000000
0.0186000000000000
0.0186000000000000
0.0186000000000000
0.0196000000000000
0.0196000000000000
0.0196000000000000
0.0196000000000000
0.0199000000000000
0.0199000000000000
0.0199000000000000
0.0199000000000000
0.0197000000000000
0.0197000000000000
0.0197000000000000
0.0197000000000000
0.0200000000000000
0.0200000000000000
0.0200000000000000
0.0200000000000000
0.0197000000000000
0.0197000000000000
0.0197000000000000
0.0197000000000000
0.0198000000000000
0.0198000000000000
0.0198000000000000
0.0189000000000000
0.0189000000000000
0.0189000000000000
0.0189000000000000
0.0190000000000000
0.0190000000000000
0.0190000000000000
0.0190000000000000
0.0191000000000000
0.0191000000000000
0.0191000000000000
0.0191000000000000
0.0190000000000000
0.0190000000000000
0.0190000000000000
0.0190000000000000
0.0190000000000000
0.0190000000000000
0.0190000000000000
0.0190000000000000
0.0194000000000000
0.0194000000000000
0.0194000000000000
0.0194000000000000
0.0226000000000000
0.0226000000000000
0.0226000000000000
0.0254000000000000
0.0254000000000000
0.0254000000000000
0.0254000000000000
0.0253000000000000
0.0253000000000000
0.0253000000000000
0.0253000000000000
0.0239000000000000
0.0239000000000000
0.0239000000000000
0.0239000000000000
0.0213000000000000
0.0213000000000000
0.0213000000000000
0.0213000000000000
0.0208000000000000
0.0208000000000000
0.0208000000000000
0.0208000000000000
0.0197000000000000
0.0197000000000000
0.0197000000000000
0.0197000000000000
0.0191000000000000
0.0191000000000000
0.0191000000000000
0.0191000000000000
0.0198000000000000
0.0198000000000000
0.0198000000000000
0.0197000000000000
0.0197000000000000
0.0197000000000000
0.0197000000000000
0.0194000000000000
0.0194000000000000
0.0194000000000000
0.0194000000000000
0.0194000000000000
0.0194000000000000
0.0194000000000000
0.0194000000000000
0.0192000000000000
0.0192000000000000
0.0192000000000000
0.0192000000000000
0.0192000000000000
0.0192000000000000
0.0192000000000000
0.0192000000000000
0.0190000000000000
0.0190000000000000
0.0190000000000000
0.0190000000000000
0.0189000000000000
0.0189000000000000
0.0189000000000000
0.0189000000000000
0.0189000000000000
0.0189000000000000
0.0189000000000000
0.0189000000000000
0.0186000000000000
0.0186000000000000
0.0186000000000000
0.0186000000000000
0.0186000000000000
0.0186000000000000
0.0186000000000000
0.0187000000000000
0.0187000000000000
0.0187000000000000
0.0187000000000000
0.0186000000000000
0.0186000000000000
0.0186000000000000
0.0186000000000000
0.0185000000000000
0.0185000000000000
0.0185000000000000
0.0185000000000000
0.0184000000000000
0.0184000000000000
0.0184000000000000
0.0184000000000000
0.0184000000000000
0.0184000000000000
0.0184000000000000
0.0184000000000000
0.0183000000000000
0.0183000000000000
0.0183000000000000
0.0183000000000000
0.0183000000000000
0.0183000000000000
0.0183000000000000
0.0183000000000000
0.0183000000000000
0.0183000000000000
0.0183000000000000
0.0183000000000000
0.0183000000000000
0.0183000000000000
0.0183000000000000
0.0183000000000000
0.0183000000000000
0.0183000000000000
0.0183000000000000
0.0184000000000000
0.0184000000000000
0.0184000000000000
0.0184000000000000
0.0250000000000000
0.0250000000000000
0.0250000000000000
0.0250000000000000
0.0189000000000000
0.0189000000000000
0.0189000000000000
0.0189000000000000
0.0185000000000000
0.0185000000000000
0.0185000000000000
0.0185000000000000
0.0184000000000000
0.0184000000000000
0.0184000000000000
0.0184000000000000
0.0185000000000000
0.0185000000000000
0.0185000000000000
0.0185000000000000
0.0184000000000000
0.0184000000000000
0.0184000000000000
0.0184000000000000
0.0185000000000000
0.0185000000000000
0.0185000000000000
0.0185000000000000
0.0189000000000000
0.0189000000000000
0.0189000000000000
0.0189000000000000
0.0192000000000000
0.0192000000000000
0.0192000000000000
0.0192000000000000
0.0193000000000000
0.0193000000000000
0.0193000000000000
0.0250000000000000
0.0250000000000000
0.0250000000000000
0.0250000000000000
0.0196000000000000
0.0196000000000000
0.0196000000000000
0.0196000000000000
0.0203000000000000
0.0203000000000000
0.0203000000000000
0.0203000000000000
0.0198000000000000
0.0198000000000000
0.0198000000000000
0.0198000000000000
0.0250000000000000
0.0250000000000000
0.0250000000000000
0.0250000000000000
0.0193000000000000
0.0193000000000000
0.0193000000000000
0.0193000000000000
0.0200000000000000
0.0200000000000000
0.0200000000000000
0.0200000000000000
0.0196000000000000
0.0196000000000000
0.0196000000000000
0.0196000000000000
0.0194000000000000
0.0194000000000000
0.0194000000000000
0.0194000000000000
0.0250000000000000
0.0250000000000000
0.0250000000000000
0.0250000000000000
0.0202000000000000
0.0202000000000000
0.0202000000000000
0.0202000000000000
0.0204000000000000
0.0204000000000000
0.0204000000000000
0.0204000000000000
0.0205000000000000
0.0205000000000000
0.0205000000000000
0.0205000000000000
0.0204000000000000
0.0204000000000000
0.0204000000000000
0.0204000000000000
0.0203000000000000
0.0203000000000000
0.0203000000000000
0.0203000000000000
0.0203000000000000
0.0203000000000000
0.0203000000000000
0.0203000000000000
0.0195000000000000
0.0195000000000000
0.0195000000000000
0.0195000000000000
0.0191000000000000
0.0191000000000000
0.0191000000000000
0.0191000000000000
0.0191000000000000
0.0191000000000000
0.0191000000000000
0.0191000000000000
0.0192000000000000
0.0192000000000000
0.0192000000000000
0.0192000000000000
0.0191000000000000
0.0191000000000000
0.0191000000000000
0.0191000000000000
0.0190000000000000
0.0190000000000000
0.0190000000000000
0.0190000000000000
0.0190000000000000
0.0190000000000000
0.0190000000000000
0.0190000000000000
0.0190000000000000
0.0190000000000000
0.0190000000000000
0.0190000000000000
0.0190000000000000
0.0191000000000000
0.0191000000000000
0.0191000000000000
0.0191000000000000
0.0190000000000000
0.0190000000000000
0.0190000000000000
0.0190000000000000
0.0250000000000000
0.0250000000000000
0.0250000000000000
0.0250000000000000
0.0189000000000000
0.0189000000000000
0.0189000000000000
0.0189000000000000
0.0189000000000000
0.0189000000000000
0.0189000000000000
0.0189000000000000
0.0189000000000000
0.0195000000000000
0.0195000000000000
0.0195000000000000
0.0195000000000000
0.0198000000000000
0.0198000000000000
0.0198000000000000
0.0198000000000000
0.0197000000000000
0.0197000000000000
0.0197000000000000
0.0197000000000000
0.0197000000000000
0.0197000000000000
0.0197000000000000
0.0197000000000000
0.0199000000000000
0.0199000000000000
0.0199000000000000
0.0199000000000000
0.0209000000000000
0.0209000000000000
0.0209000000000000
0.0209000000000000
0.0215000000000000
0.0215000000000000
0.0215000000000000
0.0215000000000000
0.0215000000000000
0.0204000000000000
0.0204000000000000
0.0204000000000000
0.0204000000000000
0.0203000000000000
0.0203000000000000
0.0203000000000000
0.0203000000000000
0.0206000000000000
0.0206000000000000
0.0206000000000000
0.0206000000000000
0.0213000000000000
0.0213000000000000
0.0213000000000000
0.0213000000000000
0.0209000000000000
0.0209000000000000
0.0209000000000000
0.0209000000000000
0.0209000000000000
0.0207000000000000
0.0207000000000000
0.0207000000000000
0.0207000000000000
0.0208000000000000
0.0208000000000000
0.0208000000000000
0.0208000000000000
0.0208000000000000
0.0211000000000000
0.0211000000000000
0.0211000000000000
0.0211000000000000
0.0210000000000000
0.0210000000000000
0.0210000000000000
0.0210000000000000
0.0203000000000000
0.0203000000000000
0.0203000000000000
0.0203000000000000
0.0203000000000000
0.0203000000000000
0.0203000000000000
0.0203000000000000
0.0203000000000000
0.0204000000000000
0.0204000000000000
0.0204000000000000
0.0204000000000000
0.0203000000000000
0.0203000000000000
0.0203000000000000
0.0203000000000000
0.0205000000000000
0.0205000000000000
0.0205000000000000
0.0205000000000000
0.0207000000000000
0.0207000000000000
0.0207000000000000
0.0207000000000000
0.0203000000000000
0.0203000000000000
0.0203000000000000
0.0203000000000000
0.0203000000000000
0.0207000000000000
0.0207000000000000
0.0207000000000000
0.0207000000000000
0.0206000000000000
0.0206000000000000
0.0206000000000000
0.0206000000000000
0.0204000000000000
0.0204000000000000
0.0204000000000000
0.0204000000000000
0.0206000000000000
0.0206000000000000
0.0206000000000000
0.0206000000000000
0.0206000000000000
0.0202000000000000
0.0202000000000000
0.0202000000000000
0.0202000000000000
0.0203000000000000
0.0203000000000000
0.0203000000000000
0.0203000000000000
0.0204000000000000
0.0204000000000000
0.0204000000000000
0.0204000000000000
0.0204000000000000
0.0203000000000000
0.0203000000000000
0.0203000000000000
0.0203000000000000
0.0202000000000000
0.0202000000000000
0.0202000000000000
0.0202000000000000
0.0205000000000000
0.0205000000000000
0.0205000000000000
0.0205000000000000
0.0208000000000000
0.0208000000000000
0.0208000000000000
0.0208000000000000
0.0211000000000000
0.0211000000000000
0.0211000000000000
0.0211000000000000
0.0218000000000000
0.0218000000000000
0.0218000000000000
0.0218000000000000
0.0218000000000000
0.0216000000000000
0.0216000000000000
0.0216000000000000
0.0216000000000000
0.0214000000000000
0.0214000000000000
0.0214000000000000
0.0214000000000000
0.0217000000000000
0.0217000000000000
0.0217000000000000
0.0217000000000000
0.0220000000000000
0.0220000000000000
0.0220000000000000
0.0220000000000000
0.0222000000000000
0.0222000000000000
0.0222000000000000
0.0222000000000000
0.0229000000000000
0.0229000000000000
0.0229000000000000
0.0229000000000000
0.0229000000000000
0.0228000000000000
0.0228000000000000
0.0228000000000000
0.0228000000000000
0.0229000000000000
0.0229000000000000
0.0229000000000000
0.0229000000000000
0.0224000000000000
0.0224000000000000
0.0224000000000000
0.0224000000000000
0.0250000000000000
0.0250000000000000
0.0250000000000000
0.0250000000000000
0.0239000000000000
0.0239000000000000
0.0239000000000000
0.0239000000000000
0.0239000000000000
0.0240000000000000
0.0240000000000000
0.0240000000000000
0.0240000000000000
0.0232000000000000
0.0232000000000000
0.0232000000000000
0.0232000000000000
0.0229000000000000