130    14
148    29
94    55
139    66
150    71
21    90
108    123
87    191
70    193
41    203
75    219
38    226
63    276
28    297
30    322
46    337
113    394
125    404
146    412
149    422
128    511
97    655
142    681
146    723
129    746
137    841
131    925
119    926
126    952
44    973
22    994
48    1030
24    1039
97    1205
117    1222
53    1236
129    1254
59    1322
96    1354
36    1377
126    1389
132    1427
133    1430
124    1431
34    1535
36    1585
57    1667
72    1704
150    1732
123    1862
26    1872
51    1901
35    1936
103    1985
93    2008
122    2012
67    2033
24    2124
61    2132
56    2204
91    2225
39    2228
81    2278
27    2292
122    2302
39    2387
142    2396
103    2411
49    2444
122    2454
119    2460
38    2498
144    2504
72    2512
35    2524
72    2549
62    2582
134    2617
36    2623
27    2631
21    2670
150    2687
48    2696
115    2730
105    2745
102    2773
69    2784
103    2837
70    2845
97    2857
63    2873
100    2913
131    2915
34    2936
20    2949
32    2991
118    2993
128    3006
74    3067
119    3202
37    3226
101    3248
58    3345
26    3385
140    3421
122    3422
77    3484
87    3504
78    3544
99    3581
97    3583
77    3755
69    3780
50    3867
46    3988
47    3997
59    4050
26    4084
79    4088
68    4134
107    4177
90    4230
113    4246
22    4280
50    4445
31    4446
103    4450
126    4464
124    4481
139    4516
72    4605
83    4607
106    4647
136    4660
25    4671
144    4699
121    4768
144    4771
127    4802
144    4827
129    4872
51    4875
131    4903
29    4923
50    4939
109    4967
47    4974
125    5034
56    5055
128    5116
36    5146
112    5168
112    5171
149    5228
127    5231
103    5290
36    5292
111    5335
138    5338
57    5377
139    5393
89    5465
47    5485
31    5517
35    5519
94    5550
126    5564
150    5707
45    5727
26    5772
104    5793
85    5820
61    5869
21    5888
78    5921
109    5929
77    5935
48    5944
112    5977
123    5995
50    6027
119    6078
41    6080
145    6147
74    6199
29    6225
142    6259
72    6305
88    6331
148    6359
119    6435
40    6487
51    6515
61    6527
80    6548
54    6555
25    6564
49    6607
116    6655
135    6701
59    6724
61    6779
22    6787
73    6797
104    6891
20    6978
32    7005
68    7020
25    7045
149    7054
104    7062
140    7103
35    7127
101    7169