1440.000000
1440.000000
1440.000000
1440.000000
1440.000000
1440.000000
1440.000000
1440.000000
1440.000000
1440.000000
1440.000000
1440.000000
1440.000000
1440.000000
1440.000000
1440.000000
1440.000000
1440.000000
1440.000000
1440.000000
1440.000000
1440.000000
1440.000000
1440.000000
1440.000000
1440.000000
1440.000000
1440.000000
1440.000000
1440.000000
1440.000000
1440.000000
1440.000000
1440.000000
1440.000000
1440.000000
1440.000000
1440.000000
1440.000000
1440.000000
1440.000000
1440.000000
1440.000000
1440.000000
1440.000000
1440.000000
1440.000000
1440.000000
1440.000000
1440.000000
1440.000000
1440.000000
1440.000000
1440.000000
1440.000000
1440.000000
1440.000000
1440.000000
1440.000000
0.000000
0.000000
0.000000
0.000000
0.000000
0.000000
0.000000
0.000000
0.000000
0.000000
0.000000
0.000000
0.000000
0.000000
0.000000
0.000000
0.000000
0.000000
18.000000
17.000000
16.000000
15.000000
14.000000
13.000000
12.000000
11.000000
10.000000
9.000000
8.000000
7.000000
6.000000
5.000000
4.000000
3.000000
2.000000
1.000000
0.000000
18.000000
17.000000
16.000000
15.000000
14.000000
13.000000
12.000000
11.000000
0.000000
0.000000
0.000000
0.000000
0.000000
0.000000
0.000000
0.000000
0.000000
0.000000
0.000000
0.000000
0.000000
0.000000
0.000000
0.000000
0.000000
0.000000
0.000000
0.000000
0.000000
0.000000
0.000000
0.000000
0.000000
0.000000
0.000000
18.000000
17.000000
16.000000
15.000000
14.000000
13.000000
12.000000
11.000000
10.000000
9.000000
8.000000
7.000000
6.000000
5.000000
4.000000
3.000000
2.000000
1.000000
0.000000
18.000000
17.000000
16.000000
15.000000
14.000000
13.000000
12.000000
11.000000
10.000000
9.000000
8.000000
7.000000
6.000000
5.000000
4.000000
3.000000
2.000000
1.000000
0.000000
18.000000
17.000000
16.000000
15.000000
14.000000
13.000000
12.000000
11.000000
10.000000
9.000000
8.000000
7.000000
6.000000
5.000000
4.000000
3.000000
2.000000
1.000000
0.000000
18.000000
17.000000
16.000000
15.000000
14.000000
13.000000
12.000000
11.000000
10.000000
9.000000
8.000000
7.000000
6.000000
5.000000
4.000000
3.000000
2.000000
1.000000
0.000000
18.000000
17.000000
16.000000
15.000000
14.000000
13.000000
12.000000
11.000000
10.000000
9.000000
8.000000
7.000000
6.000000
5.000000
4.000000
3.000000
2.000000
1.000000
0.000000
18.000000
17.000000
16.000000
15.000000
14.000000
13.000000
12.000000
11.000000
10.000000
9.000000
8.000000
7.000000
6.000000
5.000000
4.000000
3.000000
2.000000
1.000000
0.000000
18.000000
17.000000
16.000000
15.000000
14.000000
13.000000
12.000000
11.000000
10.000000
9.000000
8.000000
7.000000
6.000000
5.000000
4.000000
3.000000
2.000000
1.000000
0.000000
18.000000
17.000000
16.000000
15.000000
14.000000
13.000000
12.000000
11.000000
10.000000
9.000000
8.000000
7.000000
6.000000
5.000000
4.000000
3.000000
2.000000
1.000000
0.000000
18.000000
17.000000
16.000000
15.000000
0.000000
0.000000
0.000000
0.000000
0.000000
0.000000
0.000000
0.000000
0.000000
0.000000
0.000000
0.000000
0.000000
0.000000
0.000000
0.000000
0.000000
0.000000
0.000000
0.000000
0.000000
0.000000
0.000000
0.000000
0.000000
0.000000
0.000000
18.450000
17.450000
16.450000
15.450000
14.450000
13.450000
12.450000
11.450000
10.450000
9.450000
8.450000
7.450000
6.450000
5.450000
4.450000
3.450000
2.450000
1.450000
0.000000
0.000000
0.000000
0.000000
0.000000
0.000000
0.000000
0.000000
0.000000
18.450000
17.450000
16.450000
15.450000
14.450000
13.450000
12.450000
11.450000
10.450000
9.450000
8.450000
7.450000
6.450000
5.450000
4.450000
3.450000
2.450000
1.450000
0.450000
18.450000
17.450000
16.450000
15.450000
14.450000
13.450000
12.450000
11.450000
10.450000
9.450000
8.450000
7.450000
6.450000
5.450000
4.450000
3.450000
2.450000
1.450000
0.450000
18.450000
17.450000
16.450000
15.450000
14.450000
13.450000
12.450000
11.450000
10.450000
9.450000
8.450000
7.450000
6.450000
5.450000
4.450000
3.450000
2.450000
1.450000
0.450000
18.450000
17.450000
16.450000
15.450000
14.450000
13.450000
12.450000
11.450000
10.450000
9.450000
8.450000
7.450000
6.450000
5.450000
4.450000
3.450000
2.450000
1.450000
0.450000
18.450000
17.450000
16.450000
15.450000
14.450000
13.450000
12.450000
11.450000
10.450000
9.450000
8.450000
7.450000
6.450000
5.450000
4.450000
3.450000
2.450000
1.450000
0.450000
18.450000
17.450000
16.450000
15.450000
14.450000
13.450000
12.450000
11.450000
10.450000
9.450000
8.450000
7.450000
6.450000
5.450000
4.450000
3.450000
2.450000
1.450000
0.450000
18.450000
17.450000
16.450000
15.450000
14.450000
13.450000
12.450000
11.450000
10.450000
9.450000
8.450000
7.450000
6.450000
5.450000
4.450000
3.450000
2.450000
1.450000
0.450000
18.450000
17.450000
16.450000
15.450000
14.450000
13.450000
12.450000
11.450000
10.450000
9.450000
8.450000
7.450000
6.450000
5.450000
4.450000
3.450000
2.450000
1.450000
0.450000
18.450000
17.450000
16.450000
15.450000
14.450000
13.450000
12.450000
11.450000
10.450000
9.450000
8.450000
7.450000
6.450000
5.450000
4.450000
3.450000
2.450000
1.450000
0.450000
18.450000
17.450000
16.450000
15.450000
14.450000
13.450000
12.450000
11.450000
10.450000
9.450000
8.450000
7.450000
6.450000
5.450000
4.450000
3.450000
2.450000
1.450000
0.450000
18.450000
17.450000
16.450000
15.450000
14.450000
13.450000
12.450000
11.450000
10.450000
9.450000
8.450000
7.450000
6.450000
5.450000
4.450000
3.450000
2.450000
1.450000
0.450000
18.450000
17.450000
16.450000
15.450000
14.450000
13.450000
12.450000
11.450000
10.450000
9.450000
8.450000
7.450000
6.450000
5.450000
4.450000
3.450000
2.450000
1.450000
0.450000
18.450000
17.450000
16.450000
15.450000
14.450000
13.450000
12.450000
11.450000
10.450000
9.450000
8.450000
7.450000
6.450000
5.450000
4.450000
3.450000
2.450000
1.450000
0.450000
18.450000
17.450000
16.450000
15.450000
14.450000
13.450000
12.450000
11.450000
10.450000
9.450000
8.450000
7.450000
6.450000
5.450000
4.450000
3.450000
2.450000
1.450000
0.450000
18.450000
17.450000
16.450000
15.450000
14.450000
13.450000
12.450000
11.450000
10.450000
9.450000
8.450000
7.450000
6.450000
5.450000
4.450000
3.450000
2.450000
1.450000
0.450000
18.450000
17.450000
16.450000
15.450000
14.450000
13.450000
12.450000
11.450000
10.450000
9.450000
8.450000
7.450000
6.450000
5.450000
4.450000
3.450000
2.450000
1.450000
0.450000
18.450000
17.450000
16.450000
15.450000
14.450000
13.450000
12.450000
11.450000
10.450000
9.450000
8.450000
7.450000
6.450000
5.450000
4.450000
3.450000
2.450000
1.450000
0.450000
18.450000
17.450000
16.450000
15.450000
14.450000
13.450000
12.450000
11.450000
10.450000
9.450000
8.450000
7.450000
6.450000
5.450000
4.450000
3.450000
2.450000
1.450000
0.450000
18.450000
17.450000
16.450000
15.450000
14.450000
13.450000
12.450000
11.450000
10.450000
9.450000
8.450000
7.450000
6.450000
5.450000
4.450000
3.450000
2.450000
1.450000
0.450000
18.450000
17.450000
16.450000
15.450000
14.450000
13.450000
12.450000
11.450000
10.450000
9.450000
8.450000
7.450000
6.450000
5.450000
4.450000
3.450000
2.450000
1.450000
0.450000
18.450000
17.450000
16.450000
15.450000
14.450000
13.450000
12.450000
11.450000
10.450000
9.450000
8.450000
7.450000
6.450000
5.450000
4.450000
3.450000
2.450000
1.450000
0.450000
18.450000
17.450000
16.450000
15.450000
14.450000
13.450000
12.450000
11.450000
10.450000
9.450000
8.450000
7.450000
6.450000
5.450000
4.450000
3.450000
2.450000
1.450000
0.450000
18.450000
17.450000
16.450000
15.450000
14.450000
13.450000
12.450000
11.450000
10.450000
9.450000
8.450000
7.450000
6.450000
5.450000
4.450000
3.450000
2.450000
1.450000
0.450000
18.450000
17.450000
16.450000
15.450000
14.450000
13.450000
12.450000
11.450000
10.450000
9.450000
8.450000
7.450000
6.450000
5.450000
4.450000
3.450000
2.450000
1.450000
0.450000
18.450000
17.450000
16.450000
15.450000
14.450000
13.450000
12.450000
11.450000
10.450000
9.450000
8.450000
7.450000
6.450000
5.450000
4.450000
3.450000
2.450000
1.450000
0.450000
18.450000
17.450000
16.450000
15.450000
14.450000
13.450000
12.450000
11.450000
10.450000
9.450000
8.450000
7.450000
6.450000
5.450000
4.450000
3.450000
2.450000
1.450000
0.450000
18.450000
17.450000
16.450000
15.450000
14.450000
13.450000
12.450000
11.450000
10.450000
9.450000
8.450000
7.450000
6.450000
5.450000
4.450000
3.450000
2.450000
1.450000
0.450000
18.450000
17.450000
16.450000
15.450000
14.450000
13.450000
12.450000
11.450000
10.450000
9.450000
8.450000
7.450000
6.450000
5.450000
4.450000
3.450000
2.450000
1.450000
0.450000
18.450000
17.450000
16.450000
15.450000
14.450000
13.450000
12.450000
11.450000
10.450000
9.450000
8.450000
7.450000
6.450000
5.450000
4.450000
3.450000
2.450000
1.450000
0.450000
18.450000
17.450000
16.450000
15.450000
14.450000
13.450000
12.450000
11.450000
10.450000
9.450000
8.450000
7.450000
6.450000
5.450000
4.450000
3.450000
2.450000
1.450000
0.450000
18.450000
17.450000
16.450000
15.450000
14.450000
13.450000
12.450000
11.450000
10.450000
9.450000
8.450000
7.450000
6.450000
5.450000
4.450000
3.450000
2.450000
1.450000
0.450000
18.450000
17.450000
16.450000
15.450000
14.450000
13.450000
12.450000
11.450000
10.450000
9.450000
8.450000
7.450000
6.450000
5.450000
4.450000
3.450000
2.450000
1.450000
0.450000
18.450000
17.450000
16.450000
15.450000
14.450000
13.450000
12.450000
11.450000
10.450000
9.450000
8.450000
7.450000
6.450000
5.450000
4.450000
3.450000
2.450000
1.450000
0.450000
18.450000
17.450000
16.450000
15.450000
14.450000
13.450000
12.450000
11.450000
10.450000
9.450000
8.450000
7.450000
6.450000
5.450000
4.450000
3.450000
2.450000
1.450000
0.450000
18.450000
17.450000
16.450000
15.450000
14.450000
13.450000
12.450000
11.450000
10.450000
9.450000
8.450000
7.450000
6.450000
5.450000
4.450000
3.450000
2.450000
1.450000
0.450000
18.450000
17.450000
16.450000
15.450000
14.450000
13.450000
12.450000
11.450000
10.450000
9.450000
8.450000
7.450000
6.450000
5.450000
4.450000
3.450000
2.450000
1.450000
0.450000
18.450000
17.450000
16.450000
15.450000
14.450000
13.450000
12.450000
11.450000
10.450000
9.450000
8.450000
7.450000
6.450000
5.450000
4.450000
3.450000
2.450000
1.450000
0.450000
18.450000
17.450000
16.450000
15.450000
14.450000
13.450000
12.450000
11.450000
10.450000
9.450000
8.450000
7.450000
6.450000
5.450000
4.450000
3.450000
2.450000
1.450000
0.450000
18.450000
17.450000
16.450000
15.450000
14.450000
13.450000
12.450000
11.450000
10.450000
9.450000
8.450000
7.450000
6.450000
5.450000
4.450000
3.450000
2.450000
1.450000
0.450000
18.450000
17.450000
16.450000
15.450000
14.450000
13.450000
12.450000
11.450000
10.450000
9.450000
8.450000
7.450000
6.450000
5.450000
4.450000
3.450000
2.450000
1.450000
0.450000
18.450000
17.450000
16.450000
15.450000
14.450000
13.450000
12.450000
11.450000
10.450000
9.450000
8.450000
7.450000
6.450000
5.450000
4.450000
3.450000
2.450000
1.450000
0.450000
18.450000
17.450000
16.450000
15.450000
14.450000
13.450000
12.450000
11.450000
10.450000
9.450000
8.450000
7.450000
6.450000
5.450000
4.450000
3.450000
2.450000
1.450000
0.450000
18.450000
18.450000
17.450000
16.450000
15.450000
14.450000
13.450000
12.450000
11.450000
10.450000
9.450000
8.450000
7.450000
6.450000
5.450000
4.450000
3.450000
2.450000
1.450000
0.450000
18.450000
17.450000
16.450000
15.450000
14.450000
13.450000
12.450000
11.450000
10.450000
9.450000
8.450000
7.450000
6.450000
5.450000
4.450000
3.450000
2.450000
1.450000
0.450000
18.450000
17.450000
16.450000
15.450000
14.450000
13.450000
12.450000
11.450000
10.450000
9.450000
8.450000
7.450000
6.450000
5.450000
4.450000
3.450000
2.450000
1.450000
0.450000
18.450000
17.450000
16.450000
15.450000
14.450000
13.450000
12.450000
11.450000
10.450000
9.450000
8.450000
7.450000
6.450000
5.450000
4.450000
3.450000
2.450000
1.450000
0.450000
18.450000
17.450000
16.450000
15.450000
14.450000
13.450000
12.450000
11.450000
10.450000
9.450000
8.450000
7.450000
6.450000
5.450000
4.450000
3.450000
2.450000
1.450000
0.450000
18.450000
17.450000
16.450000
15.450000
14.450000
13.450000
12.450000
11.450000
10.450000
9.450000
8.450000
7.450000
6.450000
5.450000
4.450000
3.450000
2.450000
1.450000
0.450000
18.450000
17.450000
16.450000
15.450000
14.450000
13.450000
12.450000
11.450000
10.450000
9.450000
8.450000
7.450000
6.450000
5.450000
4.450000
3.450000
2.450000
1.450000
0.450000
18.450000
17.450000
16.450000
15.450000
14.450000
13.450000
12.450000
11.450000
10.450000
9.450000
8.450000
7.450000
6.450000
5.450000
4.450000
3.450000
2.450000
1.450000
0.450000
18.450000
17.450000
16.450000
15.450000
14.450000
13.450000
12.450000
11.450000
10.450000
9.450000
8.450000
7.450000
6.450000
5.450000
4.450000
3.450000
2.450000
1.450000
0.450000
18.450000
17.450000
16.450000
15.450000
14.450000
13.450000
12.450000
11.450000
10.450000
9.450000
8.450000
7.450000
6.450000
5.450000
4.450000
3.450000
2.450000
1.450000
0.450000
18.450000
17.450000
16.450000
15.450000
14.450000
13.450000
12.450000
11.450000
10.450000
9.450000
8.450000
7.450000
6.450000
5.450000
4.450000
3.450000
2.450000
1.450000
0.450000
18.450000
17.450000
16.450000
15.450000
14.450000
13.450000
12.450000
11.450000
10.450000
9.450000
8.450000
7.450000
6.450000
5.450000
4.450000
3.450000
2.450000
1.450000
0.450000
18.450000
17.450000
16.450000
15.450000
14.450000
13.450000
12.450000
11.450000
10.450000
9.450000
8.450000
7.450000
6.450000
5.450000
4.450000
3.450000
2.450000
1.450000
0.450000
18.450000
17.450000
16.450000
15.450000
14.450000
13.450000
12.450000
11.450000
10.450000
9.450000
8.450000
7.450000
6.450000
5.450000
4.450000
3.450000
2.450000
1.450000
0.450000
18.450000
17.450000
16.450000
15.450000
14.450000
13.450000
12.450000
11.450000
10.450000
9.450000
8.450000
7.450000
6.450000
5.450000
4.450000
3.450000
2.450000
1.450000
0.450000
18.450000
17.450000
16.450000
15.450000
14.450000
13.450000
12.450000
11.450000
10.450000
9.450000
8.450000
7.450000
6.450000
5.450000
4.450000
