0.060500
0.060500
0.060500
0.060500
0.060500
0.060500
0.099000
0.099000
0.099000
0.099000
0.099000
0.099000
0.099000
0.099000
0.099000
0.100000
0.100000
0.100000
0.100000
0.100000
0.100000
0.100000
0.100000
0.100000
0.200000
0.200000
0.200000
0.200000
0.200000
0.200000
0.200000
0.200000
0.200000
0.200000
0.200000
0.200000
0.200000
0.200000
0.200000
0.200000
0.200000
0.149000
0.149000
0.149000
0.149000
0.149000
0.149000
0.149000
0.149000
0.149000
0.149000
0.147200
0.147200
0.147200
0.147200
0.147200
0.147200
0.147200
0.147200
0.280000
0.280000
0.280000
0.280000
0.280000
0.280000
0.280000
0.280000
0.280000
0.280000
0.280000
0.280000
0.280000
0.280000
0.280000
0.280000
0.280000
0.280000
0.156700
0.156700
0.156700
0.156700
0.156700
0.156700
0.156700
0.156700
0.156700
0.160600
0.160600
0.160600
0.160600
0.160600
0.160600
0.160600
0.160600
0.160600
0.266000
0.266000
0.266000
0.266000
0.266000
0.266000
0.266000
0.266000
0.266000
0.280000
0.280000
0.280000
0.280000
0.280000
0.280000
0.280000
0.280000
0.280000
0.280000
0.280000
0.280000
0.280000
0.280000
0.280000
0.280000
0.280000
0.280000
0.280000
0.280000
0.280000
0.280000
0.280000
0.280000
0.280000
0.280000
0.280000
0.085500
0.085500
0.085500
0.085500
0.085500
0.085500
0.085500
0.085500
0.060500
0.060500
0.060500
0.060500
0.060500
0.060500
0.060500
0.060500
0.060500
0.052100
0.052100
0.052100
0.052100
0.052100
0.052100
0.052100
0.052100
0.052200
0.052200
0.052200
0.052200
0.052200
0.052200
0.052200
0.052200
0.052200
0.053800
0.053800
0.053800
0.053800
0.053800
0.053800
0.053800
0.053800
0.056100
0.056100
0.056100
0.056100
0.056100
0.056100
0.056100
0.056100
0.056100
0.063300
0.063300
0.063300
0.063300
0.063300
0.063300
0.063300
0.063300
0.063300
0.055000
0.055000
0.055000
0.055000
0.055000
0.055000
0.055000
0.055000
0.053200
0.053200
0.053200
0.053200
0.053200
0.053200
0.053200
0.053200
0.053200
0.056400
0.056400
0.056400
0.056400
0.056400
0.056400
0.056400
0.056400
0.056400
0.057300
0.057300
0.057300
0.057300
0.057300
0.057300
0.057300
0.057300
0.057000
0.057000
0.057000
0.057000
0.057000
0.057000
0.057000
0.057000
0.057000
0.060300
0.060300
0.060300
0.060300
0.060300
0.060300
0.060300
0.060300
0.050000
0.050000
0.050000
0.050000
0.050000
0.050000
0.050000
0.050000
0.050000
0.049900
0.049900
0.049900
0.049900
0.049900
0.049900
0.049900
0.049900
0.049900
0.066900
0.066900
0.066900
0.066900
0.066900
0.066900
0.066900
0.066900
0.066900
0.089300
0.089300
0.089300
0.089300
0.089300
0.089300
0.089300
0.089300
0.089300
0.087100
0.087100
0.087100
0.087100
0.087100
0.087100
0.087100
0.087100
0.087100
0.280000
0.280000
0.280000
0.280000
0.280000
0.280000
0.280000
0.280000
0.280000
0.280000
0.280000
0.280000
0.280000
0.280000
0.280000
0.280000
0.280000
0.280000
0.280000
0.280000
0.280000
0.280000
0.280000
0.280000
0.280000
0.280000
0.280000
0.075000
0.075000
0.075000
0.075000
0.075000
0.075000
0.075000
0.075000
0.075000
0.088100
0.088100
0.088100
0.088100
0.088100
0.088100
0.088100
0.088100
0.088100
0.280000
0.280000
0.280000
0.280000
0.280000
0.280000
0.280000
0.280000
0.280000
0.090900
0.090900
0.090900
0.090900
0.090900
0.090900
0.090900
0.090900
0.090900
0.085200
0.085200
0.085200
0.085200
0.085200
0.085200
0.085200
0.085200
0.085600
0.085600
0.085600
0.085600
0.085600
0.085600
0.085600
0.085600
0.085600
0.098700
0.098700
0.098700
0.098700
0.098700
0.098700
0.098700
0.098700
0.098700
0.069000
0.069000
0.069000
0.069000
0.069000
0.069000
0.069000
0.069000
0.069000
0.069000
0.065700
0.065700
0.065700
0.065700
0.065700
0.065700
0.065700
0.065700
0.065700
0.063700
0.063700
0.063700
0.063700
0.063700
0.063700
0.063700
0.063700
0.040900
0.040900
0.040900
0.040900
0.040900
0.040900
0.040900
0.040900
0.040900
0.040800
0.040800
0.040800
0.040800
0.040800
0.040800
0.040800
0.040800
0.040800
0.041700
0.041700
0.041700
0.041700
0.041700
0.041700
0.041700
0.041700
0.041700
0.041600
0.041600
0.041600
0.041600
0.041600
0.041600
0.041600
0.041600
0.041600
0.041500
0.041500
0.041500
0.041500
0.041500
0.041500
0.041500
0.041500
0.042200
0.042200
0.042200
0.042200
0.042200
0.042200
0.042200
0.042200
0.042200
0.042500
0.042500
0.042500
0.042500
0.042500
0.042500
0.042500
0.042500
0.042500
0.042100
0.042100
0.042100
0.042100
0.042100
0.042100
0.042100
0.042100
0.042500
0.042500
0.042500
0.042500
0.042500
0.042500
0.042500
0.042500
0.042500
0.042800
0.042800
0.042800
0.042800
0.042800
0.042800
0.042800
0.042800
0.042800
0.045200
0.045200
0.045200
0.045200
0.045200
0.045200
0.045200
0.045200
0.045200
0.044900
0.044900
0.044900
0.044900
0.044900
0.044900
0.044900
0.044900
0.044900
0.044900
0.044900
0.044900
0.044900
0.044900
0.044900
0.044900
0.044900
0.044900
0.043300
0.043300
0.043300
0.043300
0.043300
0.043300
0.043300
0.043300
0.043300
0.043700
0.043700
0.043700
0.043700
0.043700
0.043700
0.043700
0.043700
0.043700
0.044600
0.044600
0.044600
0.044600
0.044600
0.044600
0.044600
0.044600
0.046300
0.046300
0.046300
0.046300
0.046300
0.046300
0.046300
0.046300
0.046300
0.051500
0.051500
0.051500
0.051500
0.051500
0.051500
0.051500
0.051500
0.051500
0.063800
0.063800
0.063800
0.063800
0.063800
0.063800
0.063800
0.063800
0.063800
0.060400
0.060400
0.060400
0.060400
0.060400
0.060400
0.060400
0.060400
0.060400
0.060200
0.060200
0.060200
0.060200
0.060200
0.060200
0.060200
0.060200
0.060200
0.059700
0.059700
0.059700
0.059700
0.059700
0.059700
0.059700
0.059700
0.056200
0.056200
0.056200
0.056200
0.056200
0.056200
0.056200
0.056200
0.056200
0.061800
0.061800
0.061800
0.061800
0.061800
0.061800
0.061800
0.061800
0.061800
0.060200
0.060200
0.060200
0.060200
0.060200
0.060200
0.060200
0.060200
0.060200
0.061000
0.061000
0.061000
0.061000
0.061000
0.061000
0.061000
0.061000
0.061000
0.061100
0.061100
0.061100
0.061100
0.061100
0.061100
0.061100
0.061100
0.072100
0.072100
0.072100
0.072100
0.072100
0.072100
0.072100
0.072100
0.072100
0.097100
0.097100
0.097100
0.097100
0.097100
0.097100
0.097100
0.097100
0.097100
0.103000
0.103000
0.103000
0.103000
0.103000
0.103000
0.103000
0.103000
0.103000
0.103000
0.103000
0.103000
0.103000
0.103000
0.103000
0.103000
0.103000
0.103000
0.080400
0.080400
0.080400
0.080400
0.080400
0.080400
0.080400
0.080400
0.083200
0.083200
0.083200
0.083200
0.083200
0.083200
0.083200
0.083200
0.083200
0.083900
0.083900
0.083900
0.083900
0.083900
0.083900
0.083900
0.083900
0.079400
0.079400
0.079400
0.079400
0.079400
0.079400
0.079400
0.079400
0.079400
0.079100
0.079100
0.079100
0.079100
0.079100
0.079100
0.079100
0.079100
0.081600
0.081600
0.081600
0.081600
0.081600
0.081600
0.081600
0.081600
0.081600
0.097300
0.097300
0.097300
0.097300
0.097300
0.097300
0.097300
0.097300
0.097300
0.091100
0.091100
0.091100
0.091100
0.091100
0.091100
0.091100
0.091100
0.091100
0.160000
0.160000
0.160000
0.160000
0.160000
0.160000
0.160000
0.160000
0.160000
0.085200
0.085200
0.085200
0.085200
0.085200
0.085200
0.085200
0.085200
0.079900
0.079900
0.079900
0.079900
0.079900
0.079900
0.079900
0.079900
0.079900
0.086400
0.086400
0.086400
0.086400
0.086400
0.086400
0.086400
0.086400
0.086400
0.081500
0.081500
0.081500
0.081500
0.081500
0.081500
0.081500
0.081500
0.081500
0.160000
0.160000
0.160000
0.160000
0.160000
0.160000
0.160000
0.160000
0.160000
0.114200
0.114200
0.114200
0.114200
0.114200
0.114200
0.114200
0.114200
0.114200
0.160000
0.160000
0.160000
0.160000
0.160000
0.160000
0.160000
0.160000
0.160000
0.100000
0.100000
0.100000
0.100000
0.100000
0.100000
0.100000
0.100000
0.100000
0.082100
0.082100
0.082100
0.082100
0.082100
0.082100
0.082100
0.082100
0.082100
0.078400
0.078400
0.078400
0.078400
0.078400
0.078400
0.078400
0.078400
0.078400
0.095800
0.095800
0.095800
0.095800
0.095800
0.095800
0.095800
0.095800
0.095800
0.096200
0.096200
0.096200
0.096200
0.096200
0.096200
0.096200
0.096200
0.096200
0.087900
0.087900
0.087900
0.087900
0.087900
0.087900
0.087900
0.087900
0.087900
0.097400
0.097400
0.097400
0.097400
0.097400
0.097400
0.097400
0.097400
0.094100
0.094100
0.094100
0.094100
0.094100
0.094100
0.094100
0.094100
0.094100
0.094100
0.087000
0.087000
0.087000
0.087000
0.087000
0.087000
0.087000
0.087000
0.080600
0.080600
0.080600
0.080600
0.080600
0.080600
0.080600
0.080600
0.080600
0.084400
0.084400
0.084400
0.084400
0.084400
0.084400
0.084400
0.084400
0.084400
0.078900
0.078900
0.078900
0.078900
0.078900
0.078900
0.078900
0.078900
0.078900
0.079200
0.079200
0.079200
0.079200
0.079200
0.079200
0.079200
0.079200
0.079200
0.087100
0.087100
0.087100
0.087100
0.087100
0.087100
0.087100
0.087100
0.087100
0.078400
0.078400
0.078400
0.078400
0.078400
0.078400
0.078400
0.078400
0.078400
0.077600
0.077600
0.077600
0.077600
0.077600
0.077600
0.077600
0.077600
0.077600
0.093800
0.093800
0.093800
0.093800
0.093800
0.093800
0.093800
0.093800
0.093800
0.100000
0.100000
0.100000
0.100000
0.100000
0.100000
0.100000
0.100000
0.100000
0.100000
0.090900
0.090900
0.090900
0.090900
0.090900
0.090900
0.090900
0.090900
0.090900
0.090900
0.100000
0.100000
0.100000
0.100000
0.100000
0.100000
0.100000
0.100000
0.100000
0.100000
0.100000
0.100000
0.100000
0.100000
0.100000
0.100000
0.100000
0.100000
0.100000
0.035000
0.035000
0.035000
0.035000
0.035000
0.035000
0.035000
0.035000
0.035000
0.035000
0.100000
0.100000
0.100000
0.100000
0.100000
0.100000
0.100000
0.100000
0.100000
0.119500
0.119500
0.119500
0.119500
0.119500
0.119500
0.130500
0.130500
0.130500
0.130500
0.130500
0.130500
0.130500
0.130500
0.130500
0.160000
0.160000
0.160000
0.160000
0.160000
0.160000
0.160000
0.160000
0.160000
0.160000
0.180000
0.180000
0.180000
0.180000
0.180000
0.180000
0.180000
0.180000
0.180000
0.180000
0.180000
0.200000
0.200000
0.200000
0.200000
0.200000
0.200000
0.200000
0.200000
0.200000
0.200000
0.035000
0.035000
0.035000
0.035000
0.035000
0.035000
0.035000
0.035000
0.035000
0.050000
0.050000
0.050000
0.050000
0.050000
0.050000
0.050000
0.050000
0.050000
0.200000
0.200000
0.200000
0.200000
0.200000
0.200000
0.200000
0.200000
0.200000
0.200000
0.064800
0.064800
0.064800
0.064800
0.064800
0.064800
0.064800
0.064800
0.064800
0.083000
0.083000
0.083000
0.083000
0.083000
0.083000
0.083000
0.083000
0.083000
0.090500
0.090500
0.090500
0.090500
0.090500
0.090500
0.090500
0.090500
0.090500
0.069600
0.069600
0.069600
0.069600
0.069600
0.069600
0.069600
0.069600
0.069600
0.067600
0.067600
0.067600
0.067600
0.067600
0.067600
0.067600
0.067600
0.067600
0.067600
0.067000
0.067000
0.067000
0.067000
0.067000
0.067000
0.067000
0.067000
0.067000
0.050000
0.050000
0.050000
0.050000
0.050000
0.050000
0.050000
0.050000
0.050000
0.045500
0.045500
0.045500
0.045500
0.045500
0.045500
0.045500
0.045500
0.045500
0.045500
0.050000
0.050000
0.050000
0.050000
0.050000
0.050000
0.050000
0.050000
0.050000
0.048500
0.048500
0.048500
0.048500
0.048500
0.048500
0.048500
0.048500
0.048500
0.049600
0.049600
0.049600
0.049600
0.049600
0.049600
0.049600
0.049600
0.049600
0.050000
0.050000
0.050000
0.050000
0.050000
0.050000
0.050000
0.050000
0.050000
0.050000
0.050000
0.050000
0.050000
0.050000
0.050000
0.050000
0.050000
0.050000
0.050000
0.047100
0.047100
0.047100
0.047100
0.047100
0.047100
0.047100
0.047100
0.047100
0.047100
0.047100
0.047900
0.047900
0.047900
0.047900
0.047900
0.047900
0.047900
0.047900
0.047900
0.047300
0.047300
0.047300
0.047300
0.047300
0.047300
0.047300
0.047300
0.047300
0.045000
0.045000
0.045000
0.045000
0.045000
0.045000
0.045000
0.045000
0.045000
0.045500
0.045500
0.045500
0.045500
0.045500
0.045500
0.045500
0.046000
0.046000
0.046000
0.046000
0.046000
0.046000
0.046000
0.046000
0.044400
0.044400
0.044400
0.044400
0.044400
0.044400
0.043900
0.043900
0.043900
0.043900
0.043900
0.043900
0.043900
0.043900
0.043900
0.043900
0.043900
0.043900
0.043900
0.043900
0.043900
0.042900
0.042900
0.042900
0.042900
0.042900
0.042900
0.042900
0.041300
0.041300
0.041300
0.041300
0.041300
0.041300
0.041300
0.041100
0.041100
0.041100
0.041100
0.041100
0.041100
0.041100
0.042500
0.042500
0.042500
0.042500
0.042500
0.042500
0.042500
0.042400
0.042400
0.042400
0.042400
0.042400
0.042400
0.042400
0.042600
0.042600
0.042600
0.042600
0.042600
0.042600
0.042600
0.041300
0.041300
0.041300
0.041300
0.041300
0.041300
0.041300
0.044700
0.044700
0.044700
0.044700
0.044700
0.044700
0.044700
0.043700
0.043700
0.043700
0.043700
0.043700
0.043700
0.043700
0.043600
0.043600
0.043600
0.043600
0.043600
0.043600
0.043600
0.043700
0.043700
0.043700
0.043700
0.043700
0.043700
0.042600
0.042600
0.042600
0.042600
0.042600
0.042600
0.042600
0.043700
0.043700
0.043700
0.043700
0.043700
0.043700
0.043700
0.043700
0.045200
0.045200
0.045200
0.045200
0.045200
0.045200
0.045200
0.045100
0.045100
0.045100
0.045100
0.045100
0.045100
0.045100
0.045100
0.044000
0.044000
0.044000
0.044000
0.044000
0.044000
0.044000
0.044300
0.044300
0.044300
0.044300
0.044300
0.044300
0.044300
0.045800
0.045800
0.045800
0.045800
0.045800
0.045800
0.045800
0.044000
0.044000
0.044000
0.044000
0.044000
0.044000
0.044000
0.044000
0.045500
0.045500
0.045500
0.045500
0.045500
0.045500
0.045500
0.047400
0.047400
0.047400