0.375500	9
0.326000	4
0.375500	12
0.326000	2
0.186300	2
0.191200	5
0.247800	9
0.233000	4
0.247800	13
0.233000	3
0.266700	27
0.233000	4
0.266700	2
0.221200	4
0.247800	12
0.266700	21
0.247800	1
0.266700	4
0.326000	15
0.375500	12
0.326000	4
0.375500	8
0.451900	6
0.326000	2
0.291700	3
0.326000	13
0.291700	3
0.326000	15
0.291700	2
0.375500	1
0.451900	13
0.375500	5
0.451900	14
0.375500	6
0.451900	12
0.291700	17
0.247800	21
0.266700	13
0.247800	6
0.266700	11
0.247800	5
0.266700	13
0.247800	40
0.266700	12
0.247800	10
0.221200	25
0.203600	38
0.211600	14
0.203600	40
0.211600	12
0.203600	21
0.211600	13
0.203600	3
0.211600	16
0.203600	41
0.211600	13
0.203600	3
0.211600	17
0.203600	3
0.211600	13
0.203600	3
0.211600	15
0.203600	4
0.211600	1
0.203600	4
0.211600	7
0.203600	39
0.211600	14
0.203600	11
0.211600	32
0.221200	14
0.211600	27
0.233000	13
0.203600	16
0.211600	14
0.203600	4
0.211600	12
0.203600	23
0.211600	13
0.191200	3
0.196900	16
0.191200	4
0.196900	12
0.191200	21
0.196900	2
0.203600	12
0.196900	4
0.203600	14
0.211600	1
0.203600	4
0.211600	7
0.221200	5
0.211600	2
0.221200	1
0.233000	18
0.221200	1
0.233000	9
0.266700	3
0.247800	4
0.266700	12
0.326000	4
0.291700	3
0.326000	11
0.266700	1
0.247800	6
0.266700	14
0.211600	1
0.203600	2
0.211600	12
0.203600	5
0.211600	2
0.203600	7
0.247800	2
0.203600	3
0.233000	27
0.266700	3
0.247800	24
0.266700	11
0.326000	3
0.266700	4
0.247800	2
0.233000	16
0.247800	4
0.233000	5
0.266700	4
0.247800	3
0.266700	15
0.247800	5
0.221200	6
0.247800	14
0.233000	15
0.247800	11
0.233000	23
0.247800	12
0.233000	12
0.247800	7
0.266700	4
0.291700	12
0.266700	3
0.291700	16
0.266700	3
0.291700	12
0.266700	4
0.291700	16
0.266700	10
0.326000	2
0.349700	4
0.318000	3
0.274400	52
0.258800	2
0.293700	1
0.258800	6
0.293700	15
0.349700	5
0.451500	6
0.392100	5
0.318000	21
0.247800	14
0.266700	14
0.247800	3
0.266700	2
0.247800	5
0.266700	5
0.247800	8
0.233000	1
0.221200	2
0.291700	12
0.326000	14
0.291700	4
0.326000	14
0.291700	21
0.326000	16
0.291700	19
0.326000	16
0.291700	19
0.326000	15
0.291700	3
0.326000	13
0.291700	4
0.326000	14
0.291700	4
0.326000	12
0.291700	41
0.326000	15
0.291700	18
0.247800	2
0.266700	18
0.291700	1
0.266700	2
0.233000	9
0.221200	4
0.233000	14
0.247800	2
0.233000	3
0.266700	9
0.233000	4
0.221200	3
0.233000	15
0.221200	37
0.233000	13
0.221200	15
0.233000	9
0.221200	50
0.233000	14
0.221200	21
0.233000	14
0.221200	21
0.233000	14
0.221200	7
0.266700	8
0.221200	7
0.233000	14
0.221200	4
0.233000	10
0.266700	2
0.247800	10
0.221200	10
0.247800	4
0.266700	7
0.233000	5
0.221200	22
0.233000	13
0.221200	3
0.233000	15
0.221200	4
0.233000	26
0.221200	5
0.233000	14
0.221200	29
0.233000	62
0.247800	14
0.233000	15
0.247800	5
0.266700	15
0.247800	16
0.266700	7
0.375500	2
0.291700	7
0.451900	6
0.375500	20
0.247800	15
0.266700	11
0.247800	2
0.266700	6
0.247800	1
0.233000	8
0.247800	42
0.375500	14
0.451900	9
0.681700	2
0.451900	2
0.681700	2
0.539600	3
0.681700	8
0.539600	5
0.451500	4
0.539600	2
0.451500	5
0.539600	7
0.451500	4
0.539600	13
0.392100	21
0.349700	2
0.392100	12
0.349700	22
0.392100	5
0.451500	46
0.539600	14
0.451500	21
0.539600	2
0.451500	2
0.349700	10
0.318000	9
0.392100	5
0.451500	7
0.392100	17
0.451500	5
0.500000	2
0.451500	5
0.392100	6
0.451500	14
0.392100	1
0.349700	2
0.293700	17
0.349700	12
0.451500	14
0.681700	9
0.943000	14
0.681700	4
0.943000	9
0.539600	5
0.451500	21
0.539600	14
0.451500	6
0.349700	18
0.293700	15
0.318000	3
0.349700	11
0.318000	5
0.274400	11
0.392100	7
0.349700	1
0.539600	14
0.681700	12
0.539600	5
0.681700	16
0.539600	38
0.681700	33
0.539600	5
0.681700	14
0.539600	21
0.681700	1
0.349700	12
0.318000	4
0.349700	9
0.392100	5
0.349700	16
0.293700	12
0.349700	1
0.293700	4
0.349700	5
0.392100	4
0.274400	10
0.293700	4
0.318000	14
0.293700	7
0.392100	8
0.349700	4
0.274400	2
0.293700	28
0.274400	4
0.293700	14
0.274400	3
0.293700	1
0.349700	4
0.451500	2
0.392100	2
0.349700	9
0.392100	8
0.293700	8
0.274400	3
0.293700	13
0.274400	23
0.293700	11
0.274400	17
0.226100	7
0.235200	12
0.226100	4
0.235200	14
0.226100	4
0.235200	17
0.245900	14
0.235200	4
0.245900	3
0.235200	9
0.226100	87
0.235200	6
0.226100	15
0.235200	12
0.245900	23
0.258800	3
0.235200	12
0.226100	37
0.235200	14
0.226100	43
0.245900	14
0.258800	12
0.245900	2
0.274400	2
0.293700	5
0.349700	9
0.274400	5
0.293700	12
0.274400	3
0.293700	14
0.392100	2
0.349700	3
0.392100	6
0.293700	7
0.274400	3
0.293700	16
0.274400	3
0.293700	12
0.274400	4
0.293700	15
0.274400	4
0.293700	2
0.451500	10
0.392100	5
0.451500	14
0.392100	21
0.451500	14
0.392100	3
0.451500	2
0.392100	5
0.451500	6
0.392100	41
0.539600	7
0.392100	9
0.451500	14
0.392100	5
0.451500	4
0.539600	3
0.451500	11
0.539600	3
0.451500	24
0.392100	4
0.451500	3
0.349700	13
0.318000	3
0.349700	12
0.318000	40
0.349700	14
0.318000	21
0.349700	14
0.318000	3
0.293700	14
0.274400	23
0.293700	11
0.274400	21
0.293700	13
0.274400	58
0.293700	12
0.274400	23
0.293700	12
0.274400	13
0.349700	8
0.392100	2
0.293700	12
0.274400	33
0.318000	7
0.274400	33
0.293700	14
0.274400	40
0.293700	13
0.274400	3
0.293700	5
0.318000	47
0.258800	44
0.245900	22
0.258800	4
0.218300	5
0.211500	35
0.218300	13
0.211500	6
0.218300	12
0.211500	3
0.218300	14
0.211500	5
0.218300	13
0.211500	1
0.226100	5
0.235200	9
0.218300	4
0.211500	3
0.218300	12
0.211500	40
0.218300	15
0.211500	70
0.226100	4
0.235200	10
0.211500	5
0.226100	6
0.211500	1
0.218300	15
0.211500	3
0.218300	4
0.226100	3
0.235200	7
0.226100	4
0.218300	14
0.211500	12
0.226100	7
0.211500	7
0.235200	16
0.293700	4
0.245900	17
0.211500	11
0.218300	12
0.211500	16
0.235200	7
0.226100	2
0.218300	9
0.211500	38
0.218300	16
0.211500	4
0.218300	1
0.245900	12
0.235200	7
0.211500	9
0.218300	5
0.235200	10
0.218300	4
0.211500	1
0.218300	2
0.226100	12
0.211500	7
0.245900	31
0.274400	2
0.245900	2
0.258800	1
0.293700	11
0.274400	3
0.293700	15
0.274400	4
0.293700	12
0.274400	13
0.293700	2
0.318000	43
0.349700	2
0.392100	10
0.349700	4
0.392100	10
0.349700	5
0.318000	21
0.349700	13
0.318000	50
0.293700	5
0.318000	9
0.349700	5
0.318000	22
0.349700	14
0.318000	3
0.349700	30
0.318000	19
0.274400	48
0.293700	16
0.274400	38
0.293700	12
0.274400	5
0.293700	15
0.274400	3
0.293700	12
0.274400	39
0.293700	15
0.274400	38
0.293700	4
0.349700	12
0.392100	6
0.318000	1
0.293700	9
0.274400	40
0.293700	12
0.274400	40
0.258800	2
0.235200	7
0.245900	4
0.258800	12
0.245900	38
0.258800	15
0.245900	11
0.258800	3
0.274400	10
0.245900	14
0.258800	5
0.293700	7
0.274400	5
0.245900	18
0.258800	3
0.245900	3
0.258800	6
0.245900	3
0.258800	3
0.274400	4
0.318000	9
0.293700	15
0.245900	5
0.258800	14
0.245900	40
0.258800	12
0.245900	3
0.258800	16
0.245900	32
0.258800	7
0.274400	34
0.293700	12
0.274400	39
0.293700	2
0.258800	12
0.245900	5
0.258800	5
0.293700	7
0.274400	7
0.245900	14
0.258800	2
0.274400	4
0.293700	8
0.274400	21
0.293700	7
0.318000	6
0.293700	5
0.318000	14
0.293700	3
0.318000	14
0.293700	5
0.392100	4
2.000000	62
1.560000	2
2.000000	32
1.560000	2
2.000000	15
0.293700	2
0.392100	2
0.451500	3
2.000000	11
1.560000	1
2.000000	7
0.349700	2
0.266700	2
0.349700	3
0.539600	2
0.451500	1
2.000000	18
1.560000	1
2.000000	12
0.681700	2
0.293700	3
0.392100	6
1.560100	12
2.000000	14
1.560100	10
2.000000	7
1.560100	5
0.539600	2
0.451500	15
0.539600	12
0.451500	5
0.681700	6
0.539600	8
0.451500	14
0.392100	7
0.539600	6
0.392100	24
0.349700	2
0.392100	3
0.451500	2
0.539600	12
0.349700	2
0.226100	8
0.318000	11
0.349700	4
0.943000	14
1.560100	12
0.943000	22
0.451500	2
0.539600	12
0.451500	9
0.349700	6
0.392100	7
0.451500	12
0.392100	10
0.451500	13
0.539600	3
0.392100	13
0.539600	12
0.681700	4
0.539600	7
0.681700	12
0.539600	3
0.681700	11
1.560100	5
0.943000	3
0.539600	52
1.560100	12
2.000000	3
0.943000	2
1.560000	2
0.943000	2
2.000000	1400
0.843800	2
1.560100	4
0.943000	1
1.560100	6
2.000000	12
1.560100	2
2.000000	122
0.943000	2
0.582300	2
0.943000	3
2.000000	2
0.943000	11
1.560100	1
2.000000	6
1.560100	1
0.843800	2
1.560100	4
0.943000	3
2.000000	2
1.560100	10
0.943000	4
1.560100	15
0.943000	20
1.560100	7
0.943000	9
0.681700	7
0.943000	1
0.681700	14
0.539600	11
0.681700	45
1.560100	4
0.943000	2
0.681700	5
0.943000	15
0.681700	55
0.943000	15
0.681700	50
0.539600	4
0.681700	22
0.943000	10
2.000000	16
1.560100	2
0.843800	2
1.560100	107
2.000000	168
1.560000	2
2.000000	156
1.560000	1
2.000000	100
1.560000	2
2.000000	239
1.560100	2
0.843800	2
1.560100	26
0.943000	16
1.560100	10
2.000000	10
1.560100	2
0.843800	2
1.560100	9
0.943000	9
1.560100	1
2.000000	2
1.560100	12
0.681700	2
0.943000	7
0.681700	4
0.539600	1
0.681700	4
0.539600	3
0.392100	42
0.349700	3
0.392100	13
0.349700	3
0.392100	16
0.349700	3
0.392100	88
0.451500	2
0.392100	38
0.681700	5
2.000000	48
0.392100	2
0.291700	1
0.392100	2
0.681700	2
1.560100	3
2.000000	25
0.943000	1
1.560000	2
2.000000	24
0.943000	2
0.451900	2
0.681700	22
2.000000	60
0.943000	1
0.582300	2
0.943000	14
2.000000	363
0.539600	1
0.375500	2
0.539600	12
0.681700	4
0.539600	38
0.681700	2
1.560100	5
2.000000	185
0.681700	2
0.326000	2
0.451500	54
0.539600	7
0.681700	18
0.943000	48
2.000000	131
1.560100	2
0.843800	1
1.560100	19
0.943000	5
1.560100	4
2.000000	38
1.560100	1
2.000000	8
1.560000	2
2.000000	11
1.560100	5
0.943000	2
1.560100	9
0.943000	20
0.681700	37
0.943000	12
0.293700	6
0.349700	10
0.451500	6
0.349700	9
0.539600	5
2.000000	106
0.943000	2
0.291700	2
0.392100	7
0.451500	8
0.539600	7
0.349700	2
0.318000	7
0.349700	22
0.293700	39
0.349700	11
0.293700	9
0.318000	36
0.392100	25
0.349700	2
0.318000	11
2.000000	334
1.560000	2
2.000000	48
0.293700	2
0.233000	2
0.293700	3
0.274400	21
0.318000	2
0.274400	4
0.318000	38
0.349700	9
0.318000	17
0.293700	55
0.274400	20
0.293700	2
0.349700	2
0.318000	11
0.293700	10
0.318000	11
0.293700	47
0.392100	2
0.349700	2
0.392100	11
0.318000	12
0.293700	2
0.349700	4
0.392100	3
0.349700	2
0.318000	2
0.451500	2
0.349700	3
0.318000	7
0.274400	2
0.293700	21
0.318000	9
0.392100	4
0.451500	26
0.539600	3
1.560100	6
0.539600	20
0.451500	28
0.539600	8
0.681700	30
1.560100	15
0.943000	2
0.681700	34
0.200500	2
2.000000	1
0.943000	6
0.681700	12
0.943000	7
0.681700	2
0.943000	6
2.000000	5
0.943000	36
1.560100	3
0.943000	6
1.560100	1
0.943000	2
0.539600	2
0.943000	5
1.560100	29
2.000000	14
1.560100	7
0.943000	6
1.560100	3
0.943000	66
2.000000	13
0.943000	57
0.681700	7
0.451900	1
0.681700	99
0.451500	2
0.392100	17
0.451500	9
0.392100	12
0.539600	9
0.392100	11
0.451500	7
0.539600	24
0.681700	11
0.539600	56
0.451500	9
0.943000	10
0.451500	145
0.943000	9
0.539600	3
0.451500	24
0.539600	65
1.560100	15
0.943000	7
0.539600	144
0.943000	7
0.539600	90
0.943000	16
0.681700	4
0.451500	29
0.179100	2
0.195900	5
0.191800	4
0.195900	9
0.943000	33
0.681700	1
0.349700	2
0.943000	21
0.539600	47
0.451500	4
0.539600	12
0.451500	23
0.539600	177
0.943000	7
0.539600	36
0.681700	9
0.539600	128
0.681700	21
0.539600	124
0.451500	4
0.539600	14
0.451500	70
0.681700	10
0.451500	4
0.349700	5
0.392100	58
0.539600	7
0.451500	2
0.392100	23
0.349700	17
0.245900	4
0.188100	27
2.000000	1441
2.000000	39
1.560000	2
2.000000	43
1.560000	2
2.000000	553
1.560100	2
0.326000	2
0.195900	6
0.218300	4
0.226100	4
2.000000	1441
2.000000	1020
1.560100	2
0.843800	2
1.560100	15
0.943000	2
0.681700	8
0.943000	4
1.560100	3
2.000000	32
1.560000	2
2.000000	12
0.943000	40
0.681700	11
2.000000	5
1.560100	19
0.681700	68
0.451500	11
0.349700	26
0.392100	2
0.539600	86
0.681700	4
0.539600	39
0.451500	2
0.392100	4
0.349700	3
0.392100	12
0.349700	9
0.392100	13
0.451500	26
0.392100	4
0.451500	4
0.943000	4
0.582300	2
0.943000	5
0.451500	4
0.539600	2
0.451500	26
0.539600	6
0.451500	1
0.539600	19
0.451500	4
0.539600	2
0.681700	4
0.539600	2
0.681700	26
0.943000	9
0.681700	13
0.451500	17
0.539600	7
0.451500	2
0.392100	2
0.451500	7
0.392100	2
0.451500	4
0.539600	4
0.681700	1
0.539600	4
0.451500	11
0.349700	8
0.451500	5
0.392100	4
0.318000	34
0.349700	1
0.318000	6
0.349700	2
0.318000	6
0.392100	9
0.451500	23
0.539600	61
0.451500	34
0.681700	29
0.943000	4
0.681700	29
0.943000	3
0.681700	23
0.539600	20
0.681700	15
0.539600	4
0.681700	35
1.560100	10
0.681700	13
0.539600	2
0.451500	26
0.392100	68
0.451500	18
0.349700	4
0.392100	4
0.681700	1
1.560100	8
2.000000	32
1.560100	2
2.000000	313
1.560000	46
2.000000	58
1.560000	5
0.843800	17
0.326000	11
0.375500	2
0.451900	8
0.326000	2
0.582300	2
0.843800	1
0.582300	6
0.451900	19
0.582300	8
0.451900	2
0.375500	9
0.326000	11
0.375500	2
0.326000	59
0.375500	2
0.326000	9
0.582300	4
0.326000	8
0.291700	13
0.326000	17
0.375500	13
0.326000	4
0.291700	2
0.326000	19
0.375500	27
0.326000	6
0.291700	10
0.326000	2
0.291700	6
0.326000	51
0.451900	4
0.326000	11
0.375500	4
0.326000	28
0.375500	4
0.451900	5
0.375500	6
0.451900	4
0.375500	10
0.326000	3
0.375500	18
0.326000	29
0.582300	2
0.451900	12
0.326000	12
0.291700	47
0.326000	32
0.291700	2
0.266700	18
0.291700	11
0.266700	4
0.326000	9
0.291700	2
0.326000	30
0.291700	28
0.326000	13
0.582300	32
0.451900	14
0.582300	9
0.843800	4
0.582300	38
0.843800	7
0.582300	76
0.843800	60
0.582300	4
0.843800	12
0.582300	13
0.451900	7
0.582300	62
0.843800	6
0.582300	9
1.560000	10
2.000000	15
0.843800	26
2.000000	29
0.843800	108
2.000000	4
0.843800	21
0.582300	56
0.843800	30
2.000000	13
0.843800	2
2.000000	6
0.843800	37
2.000000	11
0.843800	82
1.560000	9
0.843800	11
2.000000	4
1.560000	17
2.000000	6
1.560000	9
0.843800	19
1.560000	35
0.843800	2
0.582300	6
0.451900	7
0.582300	7
0.843800	11
0.582300	20
1.560000	7
0.843800	13
0.451900	6
0.582300	36
0.326000	2
0.291700	36
0.375500	5
0.326000	16
0.291700	13
0.326000	33
0.291700	8
0.326000	13
0.291700	79
0.326000	5
0.375500	23
0.326000	19
0.451900	2
0.375500	9
0.291700	19
0.451900	4
0.582300	4
0.451900	2
0.375500	4
0.326000	3
0.375500	8
0.582300	11
0.451900	2
0.582300	4
0.451900	5
0.291700	8
0.266700	41
0.247800	4
0.266700	4
0.247800	9
0.233000	13
0.266700	2
0.211600	12
0.266700	2
0.211600	5
0.266700	4
0.233000	4
0.221200	13
0.211600	2
0.221200	2
0.211600	2
0.233000	5
0.221200	2
0.233000	4
0.221200	6
0.247800	11
0.221200	15
0.211600	4
0.233000	6
0.221200	45
0.233000	2
0.266700	13
0.247800	12
0.266700	5
0.233000	6
0.247800	4
0.233000	2
0.247800	13
0.233000	2
0.247800	61
0.154700	4
0.153600	2
0.152600	65
0.157000	2
0.158400	28
0.155800	1
0.154700	8
0.152600	49
0.158400	24
0.182100	6
0.186300	4
0.196900	7
0.191200	7
0.196900	4
0.182100	287
0.186300	6
0.182100	222
0.186300	13
0.182100	85
0.191200	4
0.182100	151
0.191200	22
0.186300	2
0.182100	19
0.191200	64
0.186300	103
0.203600	10
0.186300	37
0.191200	5
0.186300	117
0.191200	22
0.196900	42
0.233000	17
0.291700	10
0.266700	15
0.221200	93
0.247800	206
0.291700	3
0.326000	8
0.247800	108
0.233000	4
0.247800	12
0.233000	4
0.247800	16
0.233000	4
0.247800	125
0.291700	8
0.247800	78
0.326000	22
0.247800	34
0.266700	4
0.247800	10
0.266700	20
0.247800	68
0.266700	22
0.247800	100
0.266700	4
0.291700	6
0.266700	1
0.233000	2
0.247800	14
0.233000	29
0.266700	8
0.233000	49
0.266700	39
0.375500	19
0.291700	2
0.266700	43
0.326000	23
0.266700	72
0.291700	2
0.326000	28
0.582300	8
0.326000	2
0.266700	2
0.233000	18
0.211600	9
0.233000	6
0.247800	4
0.221200	12
0.233000	8
0.221200	34
0.247800	8
0.221200	21
0.211600	6
0.233000	4
0.247800	51
0.266700	8
0.326000	11
0.291700	10
0.375500	12
0.326000	2
0.375500	2
0.451900	4
0.326000	2
0.291700	45
0.375500	7
0.291700	4
0.266700	2
0.247800	54
0.266700	6
0.291700	55
0.221200	42
0.211600	2
0.233000	21
0.247800	7
0.291700	11
0.247800	2
0.291700	9
0.266700	4
0.247800	105
0.291700	22
0.247800	48
0.233000	16
0.266700	4
0.326000	7
0.266700	31
0.291700	2
0.326000	11
0.451900	18
0.326000	2
0.266700	2
0.291700	2
0.326000	34
0.291700	4
0.326000	4
0.291700	5
0.326000	5
0.291700	4
0.326000	34
0.291700	8
0.266700	34
0.291700	20
0.326000	9
0.582300	13
0.326000	15
0.582300	3
0.451900	9
0.375500	6
0.291700	2
0.326000	23
0.291700	24
0.266700	1
0.291700	2
2.000000	362
0.233000	14
0.266700	2
0.247800	3
0.291700	4
0.326000	2
0.266700	2
2.000000	448
1.560000	22
0.582300	47
0.843800	56
0.451900	18
1.560000	22
0.843800	2
0.451900	5
0.843800	15
1.560000	7
0.451900	16
0.582300	10
0.843800	5
0.582300	8
0.843800	74
0.451900	22
0.326000	4
0.291700	13
0.326000	16
0.375500	97
0.326000	15
0.582300	11
0.326000	10
0.375500	11
0.451900	9
0.196900	2
0.266700	2
0.326000	13
0.291700	10
0.375500	9
0.451900	4
0.375500	11
2.000000	419
0.247800	32
0.291700	16
0.375500	8
0.291700	2
0.326000	3
0.291700	2
0.266700	31
0.247800	4
0.221200	9
0.247800	2
0.266700	2
0.375500	2
0.451900	5
0.326000	9
0.291700	4
0.326000	9
0.375500	4
0.326000	5
0.291700	5
0.326000	25
0.266700	5
0.247800	64
0.233000	6
0.247800	2
0.266700	5
0.291700	10
0.326000	7
0.375500	11
0.326000	2
0.375500	110
0.326000	47
0.266700	2
0.326000	2
0.291700	1
0.326000	19
0.451900	8
0.326000	5
0.247800	6
0.233000	11
0.221200	20
0.233000	27
0.247800	11
0.233000	4
0.247800	11
0.233000	41
0.247800	15
0.233000	19
0.247800	15
0.211600	6
0.203600	10
0.211600	5
0.196900	81
0.191200	4
0.186300	4
0.203600	2
0.186300	3
0.196900	6
0.191200	3
0.196900	6
0.186300	9
0.196900	16
0.203600	8
0.191200	17
0.196900	6
0.203600	2
0.233000	4
0.266700	2
0.326000	1
0.291700	2
0.582300	2
0.843800	2
2.000000	204
1.560000	21
0.291700	86
0.326000	10
0.291700	32
0.266700	6
0.291700	18
0.266700	36
0.247800	14
0.221200	22
0.233000	8
0.247800	6
0.233000	73
0.247800	9
0.266700	16
0.233000	3
0.221200	4
0.233000	15
0.247800	12
0.266700	22
0.233000	14
0.247800	61
0.266700	22
0.247800	11
0.233000	4
0.247800	92
0.233000	6
0.247800	18
0.291700	13
0.266700	7
0.233000	10
0.247800	1
0.266700	4
0.247800	17
0.266700	9
0.247800	1
0.326000	2
0.291700	9
0.266700	2
0.291700	13
0.266700	4
0.291700	5
0.266700	18
0.291700	10
0.266700	7
0.375500	7
0.291700	19
0.266700	49
0.375500	4
0.326000	9
0.291700	2
0.266700	2
0.247800	2
0.233000	2
0.247800	20
0.233000	11
0.221200	13
0.247800	2
0.266700	2
0.247800	26
0.221200	7
0.172100	2
0.169500	5
0.172100	2
0.169500	6
0.172100	15
0.178300	1
0.172100	2
0.175100	2
0.172100	37
0.169500	24
0.172100	4
0.175100	2
0.178300	48
0.175100	2
0.172100	6
0.175100	12
0.233000	4
0.221200	11
0.211600	14
0.196900	10
0.211600	3
0.221200	36
0.211600	4
0.221200	2
0.233000	16
0.247800	34
0.233000	17
0.221200	5
0.233000	24
0.247800	13
0.233000	4
0.247800	11
0.233000	25
0.221200	10
0.233000	1
0.221200	6
0.233000	25
0.221200	7
0.211600	15
0.167200	6
0.169500	3
0.172100	13
0.182100	3
0.178300	4
0.175100	5
0.178300	2
0.172100	6
0.169500	3
0.172100	6
0.175100	9
0.172100	3
0.175100	6
0.178300	5
0.182100	11
0.178300	4
0.182100	1
0.178300	6
0.182100	3
0.191200	13
0.182100	11
0.191200	11
0.186300	2
0.178300	11
0.182100	40
0.175100	14
0.172100	13
0.169500	28
0.172100	2
0.169500	47
0.178300	5
0.172100	4
0.169500	36
0.167200	5
0.169500	9
0.172100	28
0.169500	38
0.172100	11
0.175100	1
0.172100	18
0.175100	2
0.172100	4
0.175100	35
0.178300	12
0.175100	21
0.178300	6
0.172100	15
0.169500	7
0.172100	2
0.175100	32
0.172100	38
0.175100	3
0.178300	11
0.175100	2
0.172100	5
0.169500	6
0.172100	38
0.175100	17
0.178300	11
0.175100	3
0.178300	7
0.175100	39
0.186300	4
0.182100	3
0.186300	18
0.178300	21
0.191200	6
0.186300	9
0.178300	5
0.186300	12
0.182100	2
0.178300	50
0.191200	3
0.178300	18
0.175100	18
0.186300	3
0.182100	10
0.178300	1
0.175100	7
0.178300	15
0.175100	37
0.178300	11
0.175100	2
0.172100	2
0.175100	34
0.154700	2
0.155800	2
0.154700	2
0.153600	5
0.145100	11
0.146100	5
0.145100	6
0.145600	9
0.146100	2
0.147300	12
0.145100	8
0.145600	1
0.145100	2
0.144600	4
0.145600	12
0.145100	8
0.144600	4
0.145600	1
0.144600	6
0.145600	7
0.146100	6
0.147900	2
0.148600	1
0.147300	4
0.149300	9
0.150900	4
0.150000	4
0.149300	3
0.148600	26
0.147900	7
0.147300	20
0.147900	11
0.147300	12
0.145600	2
0.143800	2
0.145100	5
0.143800	18
0.145100	2
0.143800	34
0.146100	2
0.147900	5
0.147300	2
0.147900	4
0.146700	1
0.145600	13
0.146100	29
0.145600	5
0.146700	14
0.148600	2
0.147300	7
0.146700	4
0.146100	18
0.150000	1
0.151700	4
0.149300	13
0.146700	1
0.150000	2
0.149300	4
0.151700	3
0.150000	15
0.149300	50
0.150000	31
0.153600	38
0.152600	15
0.151700	10
0.152600	34
0.153600	6
0.157000	3
0.155800	11
0.153600	86
0.157000	2
0.154700	23
0.153600	6
0.154700	16
0.153600	2
0.154700	14
0.157000	11
0.155800	2
0.154700	48
0.155800	53
0.152600	37
0.151700	65
0.152600	8
0.155800	4
0.154700	9
0.152600	131
0.153600	9
0.152600	137
0.153600	15
0.152600	61
0.153600	120
0.152600	10
0.151700	22
0.152600	103
0.153600	5
0.152600	23
0.153600	11
0.152600	19
0.155800	15
0.152600	58
0.154700	29
0.152600	22
0.151700	11
0.152600	13
0.151700	23
0.152600	12
0.154700	2
0.152600	25
0.165500	41
0.152600	133
0.153600	4
0.152600	3
0.154700	5
0.152600	73
0.153600	11
0.152600	35
0.155800	2
0.153600	23
0.152600	14
0.155800	7
0.152600	38
0.153600	54
0.157000	7
0.154700	7
0.153600	4
0.152600	12
0.151700	127
0.152600	6
0.151700	71
0.152600	10
0.151700	53
0.155800	4
0.154700	10
0.152600	2
0.151700	33
0.153600	12
0.151700	4
0.153600	12
0.151700	80
0.152600	9
0.151700	79
0.154700	2
0.152600	13
0.151700	2
0.152600	12
0.151700	31
0.154700	13
0.151700	22
0.155800	3
0.154700	11
0.151700	49
0.154700	5
0.152600	9
0.151700	17
0.152600	7
0.153600	5
0.154700	2
0.153600	9
0.152600	131
0.157000	13
0.152600	99
0.155800	4
0.154700	10
0.153600	2
0.152600	20
0.154700	13
0.152600	70
0.153600	13
0.157000	2
0.155800	3
0.154700	10
0.153600	3
0.155800	24
0.154700	2
0.153600	2
0.154700	19
0.155800	2
0.158400	3
0.155800	6
0.154700	85
0.155800	16
0.158400	5
0.155800	73
0.157000	85
0.155800	27
0.157000	2
0.159800	7
0.157000	17
0.155800	2
0.158400	1
0.155800	55
0.157000	42
0.161400	14
0.159800	4
0.161400	12
0.159800	7
0.163200	2
0.165100	11
0.163200	2
0.165100	9
0.167200	14
0.165100	27
0.161400	2
0.159800	114
0.163200	12
0.161400	2
0.159800	45
0.176700	18
0.181900	2
0.176700	3
0.181900	7
0.176700	20
0.184800	2
0.181900	13
0.176700	1
0.179100	4
0.176700	16
0.179100	11
0.176700	11
0.188100	68
0.200000	26
0.188100	16
0.184800	11
0.188100	20
0.167200	26
0.165100	4
0.163200	16
0.165100	4
0.167200	2
0.172100	9
0.169500	4
0.165100	23
0.186300	10
0.182100	5
0.163200	6
0.169500	3
0.172100	12
0.169500	5
0.172100	7
0.178300	7
0.175100	6
0.169500	16
0.167200	4
0.163200	7
0.169500	3
0.172100	2
0.169500	25
0.172100	4
0.169500	3
0.167200	20
0.165100	8
0.167200	5
0.163200	12
0.161400	9
0.165100	2
0.172100	9
0.167200	7
0.178300	25
0.191200	25
0.186300	19
0.191200	11
0.203600	22
0.191200	2
0.186300	2
0.182100	5
0.191200	11
0.203600	7
0.196900	2
0.186300	17
0.191200	4
0.196900	2
0.500000	484
0.491100	18
0.431800	24
0.459000	4
0.491100	4
0.500000	2
0.491100	13
0.500000	13
0.471100	10
0.439900	1
0.413500	10
0.439900	4
0.500000	18
0.471100	6
0.439900	2
0.500000	9
0.471100	8
0.500000	120
0.390900	2
0.371500	40
0.390900	26
0.354500	20
0.371500	27
0.413500	5
0.439900	12
0.413500	4
0.390900	38
0.413500	9
0.390900	24
0.354500	3
0.390900	27
0.439900	8
0.390900	13
0.413500	12
0.390900	2
0.413500	11
0.439900	8
0.413500	2
0.390900	7
0.413500	4
0.439900	2
0.471100	7
0.439900	4
0.371500	9
0.354500	15
0.371500	4
0.354500	13
0.371500	11
0.413500	6
0.471100	11
0.500000	15
0.471100	2
0.439900	5
0.471100	23
0.500000	4
0.449100	11
0.393500	15
0.371900	2
0.393500	1
0.418900	2
0.371700	13
0.395900	10
0.449100	5
0.418900	33
0.371700	26
0.395900	14
0.424900	13
0.395900	57
0.460100	2
0.395900	3
0.424900	18
0.460100	2
0.500000	15
0.460100	11
0.424900	7
0.500000	2
0.424900	5
0.500000	134
0.424900	65
0.371700	26
0.395900	6
0.500000	3
0.473300	56
0.500000	27
0.473300	1
0.500000	31
0.489700	2
0.438400	48
0.489700	11
0.398800	49
0.438400	57
0.367500	34
0.342200	2
0.367500	3
0.489700	5
0.342200	8
0.438400	9
0.500000	3
0.361500	13
0.291900	1
0.333100	9
0.291900	8
0.361500	5
0.291900	3
0.333100	7
0.291900	15
0.310400	18
0.333100	11
0.500000	5
0.445500	3
0.361500	9
0.445500	2
0.361500	2
0.445500	5
0.397700	4
0.333100	2
0.310400	1
0.291900	4
0.310400	5
0.333100	11
0.263500	2
0.242900	2
0.276400	3
0.234600	21
0.220900	15
0.215200	5
0.210100	4
0.220900	28
0.252400	2
0.220900	5
0.252400	15
0.276400	1
0.263500	13
0.276400	6
0.263500	1
0.252400	6
0.242900	3
0.252400	15
0.242900	3
0.252400	43
0.333100	59
0.361500	6
0.333100	41
0.310400	20
0.333100	3
0.361500	9
0.310400	15
0.333100	25
0.242900	11
0.333100	1
0.242900	2
0.252400	2
0.361500	2
0.333100	89
0.310400	16
0.333100	82
0.310400	14
0.333100	25
0.361500	6
0.333100	16
0.310400	12
0.291900	2
0.361500	3
0.397700	7
0.310400	4
0.291900	5
0.310400	15
0.333100	11
0.397700	7
0.333100	143
0.361500	2
0.333100	21
0.291900	73
0.310400	4
0.333100	88
0.310400	5
0.333100	13
0.361500	2
0.333100	2
0.310400	7
0.361500	11
0.310400	7
0.445500	4
0.397700	19
0.310400	6
0.291900	1
0.263500	2
0.252400	20
0.242900	5
0.252400	9
0.263500	93
0.276400	11
0.263500	1
0.276400	4
0.310400	2
0.333100	3
0.310400	4
0.276400	5
0.263500	4
0.276400	1
0.252400	9
0.291900	2
0.276400	7
0.242900	32
0.252400	2
0.242900	9
0.252400	4
0.242900	3
0.252400	13
0.242900	14
0.234600	9
0.242900	13
0.234600	3
0.242900	7
0.234600	39
0.242900	5
0.234600	4
0.242900	20
0.252400	2
0.263500	1
0.252400	4
0.242900	20
0.252400	15
0.263500	81
0.252400	13
0.263500	13
0.252400	107
0.263500	4
0.252400	11
0.242900	5
0.234600	13
0.242900	2
0.234600	1
0.227300	18
0.242900	11
0.252400	11
0.276400	42
0.263500	2
0.276400	2
0.263500	5
0.276400	2
0.291900	4
0.276400	10
0.291900	2
0.276400	19
0.291900	2
0.276400	22
0.263500	18
0.276400	2
0.263500	27
0.310400	1
0.333100	8
0.276400	29
0.263500	23
0.276400	12
0.263500	4
0.276400	84
0.291900	5
0.276400	45
0.291900	9
0.276400	9
0.252400	134
0.242900	11
0.252400	3
0.242900	45
0.252400	92
0.242900	5
0.252400	23
0.276400	9
0.252400	14
0.263500	8
0.291900	1
0.276400	2
0.263500	6
0.252400	30
0.242900	2
0.252400	3
0.263500	16
0.291900	18
0.263500	20
0.276400	1
0.321300	8
0.342200	77
0.367500	4
0.342200	41
0.321300	35
0.303900	6
0.321300	1
0.303900	4
0.321300	35
0.342200	4
0.321300	34
0.303900	72
0.289100	18
0.303900	2
0.289100	15
0.252400	85
0.242900	4
0.252400	15
0.263500	8
0.276400	2
0.263500	11
0.276400	7
0.291900	73
0.310400	2
0.333100	5
0.291900	2
0.263500	9
0.242900	19
0.252400	2
0.242900	42
0.252400	9
0.242900	11
0.252400	11
0.263500	2
0.291900	11
0.263500	37
0.252400	2
0.242900	33
0.182100	16
0.221200	2
0.326000	3
0.291700	16
0.326000	41
0.582300	2
0.375500	5
0.582300	2
0.326000	9
0.266700	2
0.247800	26
0.266700	2
0.247800	92
0.233000	5
0.211600	84
0.233000	19
0.247800	2
0.233000	9
0.211600	95
0.221200	16
0.233000	7
0.221200	14
0.247800	11
0.221200	21
0.211600	23
0.203600	19
0.221200	15
0.233000	2
0.221200	2
0.203600	15
0.221200	21
0.203600	87
0.211600	4
0.203600	61
0.221200	7
0.203600	20
0.211600	13
0.203600	266
0.211600	7
0.203600	5
0.247800	9
0.233000	6
0.221200	5
0.203600	157
0.211600	9
0.203600	6
0.221200	5
0.211600	5
0.196900	27
0.203600	14
0.196900	4
0.203600	14
0.196900	30
0.221200	9
0.196900	3
0.182100	44
0.191200	9
0.182100	82
0.186300	2
0.182100	27
0.191200	8
0.182100	43
0.186300	5
0.182100	9
0.191200	7
0.182100	18
0.191200	30
0.182100	9
0.191200	12
0.182100	14
0.186300	40
0.182100	129
0.191200	7
0.186300	2
0.182100	2
0.186300	2
0.191200	93
0.186300	402
0.182100	23
0.186300	7
0.191200	6
0.186300	3
0.196900	11
0.186300	2
0.182100	5
0.178300	10
0.182100	6
0.191200	9
0.203600	10
0.191200	5
0.182100	189
0.191200	10
0.182100	36
0.191200	9
0.182100	158
0.203600	36
0.221200	8
0.266700	2
0.233000	9
0.203600	21
0.211600	12
0.233000	6
0.211600	279
0.221200	46
0.247800	9
0.221200	6
0.211600	12
0.221200	21
0.233000	57
0.221200	16
0.211600	2
0.221200	16
0.247800	8
0.221200	11
0.211600	15
0.221200	25
0.247800	9
0.266700	2
0.247800	2
0.233000	5
0.203600	4
0.211600	1
0.221200	11
0.211600	7
0.221200	2
0.211600	6
0.221200	3
0.233000	6
0.247800	10
0.233000	8
0.221200	4
0.233000	10
0.221200	18
0.233000	19
0.221200	4
0.233000	50
0.247800	12
0.233000	58
0.266700	2
0.247800	18
0.221200	6
0.247800	10
0.221200	35
0.211600	11
0.221200	12
0.233000	9
0.221200	59
0.233000	3
0.247800	17
0.291700	4
0.326000	6
0.291700	1
0.375500	2
0.451900	2
0.375500	2
0.451900	5
0.375500	11
0.451900	8
0.375500	15
0.451900	75
0.843800	18
0.451900	2
0.582300	29
0.451900	1
0.375500	4
0.247800	61
0.291700	8
0.247800	30
0.266700	13
0.247800	17
0.221200	45
0.233000	2
0.247800	6
0.266700	3
0.247800	4
0.221200	8
0.233000	3
0.182100	4
0.186300	11
0.233000	8
0.247800	2
0.221200	5
0.211600	2
0.221200	19
0.247800	17
0.266700	2
0.247800	41
0.266700	3
0.451900	128
2.000000	9
1.560000	2
0.451900	35
0.582300	24
0.291700	67
0.266700	40
0.291700	10
0.326000	5
0.291700	5
0.266700	11
0.291700	31
0.247800	63
0.233000	14
0.291700	58
0.266700	8
0.326000	10
0.266700	7
0.291700	6
0.326000	57
0.843800	18
0.451900	35
0.326000	7
0.291700	137
0.326000	6
0.266700	23
0.233000	52
0.247800	13
0.233000	20
0.266700	11
0.233000	42
0.247800	23
0.233000	3
0.266700	11
0.247800	66
0.266700	23
0.247800	8
0.291700	5
0.266700	4
0.233000	13
0.293700	80
0.233000	4
0.250000	14
0.266700	7
0.270000	48
0.258800	21
0.270000	614
0.291700	6
1.560000	11
0.233000	4
0.211600	44
0.221200	6
0.211600	3
0.221200	2
0.233000	50
0.221200	4
0.233000	21
0.247800	9
0.291700	2
0.266700	2
0.843800	7
1.560000	5
0.582300	20
0.247800	6
0.203600	2
0.178300	5
0.186300	11
0.196900	4
0.266700	2
0.247800	45
0.266700	2
0.182100	2
0.186300	2
0.196900	2
0.191200	5
0.186300	26
0.196900	3
0.191200	10
0.203600	56
0.221200	34
0.247800	66
0.326000	2
0.291700	4
1.560000	27
0.266700	2
0.233000	11
0.266700	33
0.247800	32
0.291700	5
0.247800	25
0.291700	9
0.247800	24
0.266700	4
0.247800	9
0.266700	2
0.291700	10
0.221200	2
0.203600	1
0.196900	4
0.203600	2
0.211600	2
0.266700	2
0.247800	4
0.266700	1
0.247800	27
0.233000	3
0.451900	8
0.582300	20
1.560000	90
2.000000	7
1.560000	23
2.000000	9
1.560000	39
0.582300	16
1.560000	18
0.582300	29
0.291700	22
0.247800	59
0.233000	24
0.247800	9
0.233000	29
0.247800	4
0.233000	61
0.247800	61
0.266700	9
0.247800	2
0.233000	23
0.247800	16
0.291700	9
0.247800	1
0.266700	4
0.326000	2
0.291700	7
0.375500	20
0.291700	1
0.266700	23
0.291700	9
0.451900	6
2.000000	37
0.266700	51
0.291700	25
0.247800	14
0.266700	8
0.247800	20
0.221200	23
0.203600	7
0.211600	14
0.186300	71
0.191200	14
0.211600	6
0.291700	37
0.186300	29
0.196900	2
0.186300	42
0.191200	33
0.196900	3
0.211600	2
0.221200	20
0.233000	16
0.247800	6
0.582300	36
0.211600	4
0.266700	3
0.211600	2
0.266700	144
0.211600	1
0.203600	2
0.211600	2
0.203600	2
0.196900	9
0.203600	7
0.247800	2
0.211600	2
0.203600	2
0.233000	9
0.291700	22
0.247800	4
0.233000	27
0.221200	3
0.247800	92
0.233000	9
0.247800	18
0.291700	11
0.247800	12
0.233000	27
0.247800	4
0.266700	1
0.221200	13
0.211600	4
0.240000	5
0.247800	4
0.240000	7
0.247800	48
0.240000	143
0.247800	10
0.240000	14
0.247800	6
0.266700	3
0.247800	2
0.266700	2
0.247800	4
0.266700	3
0.247800	2
0.266700	69
0.326000	18
0.266700	23
0.326000	11
0.266700	45
0.291700	94
0.266700	1
0.247800	2
0.266700	2
0.326000	11
0.266700	2
0.247800	3
0.266700	14
0.247800	3
0.266700	6
0.326000	21
0.266700	6
0.291700	4
0.266700	144
0.247800	5
0.266700	4
0.291700	29
0.451900	6
2.000000	36
0.291700	4
0.326000	22
0.291700	4
0.266700	17
0.291700	91
0.247800	10
0.233000	7
0.196900	8
0.191200	1
0.203600	10
0.191200	4
0.182100	66
0.178300	2
0.182100	2
0.178300	13
0.175100	20
0.178300	2
0.182100	2
0.186300	13
0.196900	46
0.191200	2
0.203600	57
0.221200	2
0.211600	3
0.233000	59
0.221200	2
0.233000	1
0.221200	2
0.266700	2
0.247800	15
0.266700	41
0.247800	15
0.266700	11
0.291700	1
0.266700	21
0.247800	68
0.221200	22
0.203600	14
0.221200	56
0.375500	5
0.451900	7
0.582300	2
1.560000	9
0.221200	19
0.211600	38
0.221200	41
0.233000	7
0.221200	2
0.233000	3
0.221200	4
0.233000	78
0.221200	12
0.233000	11
0.221200	48
0.247800	7
0.221200	5
0.203600	10
0.211600	95
0.203600	8
0.211600	11
0.203600	34
0.211600	7
0.203600	40
0.221200	11
0.203600	22
0.221200	2
0.203600	3
0.221200	35
0.211600	4
0.221200	14
0.211600	3
0.221200	14
0.211600	3
0.221200	46
0.451900	4
0.843800	9
1.560000	19
0.582300	1
0.326000	2
0.843800	9
0.221200	62
0.233000	12
0.221200	62
0.247800	5
0.266700	2
0.211600	26
0.191200	22
0.196900	10
0.191200	7
0.203600	10
0.191200	89
0.196900	5
0.191200	90
0.196900	4
0.203600	2
0.196900	3
0.203600	4
0.221200	1
0.203600	5
0.191200	6
0.186300	18
0.191200	173
0.203600	3
0.233000	10
0.196900	2
0.191200	31
0.186300	3
0.191200	69
0.247800	5
0.266700	7
0.291700	2
0.326000	2
0.375500	6
0.196900	2
0.191200	48
0.182100	102
0.191200	5
0.182100	10
0.191200	19
0.186300	5
0.178300	20
0.182100	34
0.178300	3
0.182100	14
0.186300	24
0.191200	61
0.196900	14
0.191200	20
0.186300	256
0.203600	2
0.233000	4
0.266700	1
0.291700	6
0.326000	19
0.291700	20
0.186300	13
0.191200	44
0.186300	1
0.203600	2
0.211600	4
0.326000	12
0.291700	15
0.186300	33
0.178300	3
0.182100	2
0.191200	3
0.196900	2
0.203600	5
0.191200	5
0.175100	17
0.167200	13
0.196900	129
0.211600	9
0.196900	22
0.211600	12
0.196900	44
0.211600	251
0.203600	88
0.291700	5
0.326000	7
0.375500	1
0.451900	2
0.582300	7
0.247800	2
0.211600	1
0.203600	154
0.182100	20
0.175100	23
0.169500	80
0.175100	7
0.178300	49
0.186300	2
0.178300	5
0.186300	22
0.203600	3
0.211600	5
0.221200	4
0.211600	1
0.203600	2
0.196900	9
0.191200	1
0.196900	13
0.191200	3
0.196900	13
0.211600	1
0.196900	4
0.211600	4
0.233000	3
0.247800	6
0.211600	11
0.196900	33
0.221200	24
0.247800	5
0.266700	76
0.221200	12
0.326000	2
0.451900	2
2.000000	18
0.326000	18
2.000000	30
0.843800	2
0.582300	2
2.000000	9
0.375500	3
1.560000	4
2.000000	1
0.451900	2
0.233000	44
0.221200	20
0.233000	3
0.326000	4
0.843800	10
0.451900	7
0.291700	2
0.211600	37
0.233000	5
0.247800	16
0.233000	12
0.203600	11
0.221200	2
0.203600	3
0.221200	21
0.291700	5
0.582300	7
0.451900	11
0.221200	5
0.211600	2
0.266700	5
0.582300	16
0.375500	2
0.221200	33
0.247800	25
0.221200	6
0.211600	15
0.221200	11
0.211600	3
0.221200	11
0.233000	49
0.221200	9
0.233000	2
0.221200	7
0.233000	58
0.221200	8
0.233000	85
0.211600	34
0.221200	3
0.211600	53
0.203600	9
0.221200	2
0.203600	3
0.221200	50
0.375500	5
0.451900	11
0.843800	1
1.560000	6
0.247800	1
0.233000	2
0.221200	11
0.247800	17
0.375500	4
0.291700	59
0.266700	45
0.451900	10
0.211600	20
0.233000	6
0.221200	44
0.233000	5
0.221200	2
0.203600	17
0.221200	2
0.247800	5
0.221200	37
0.233000	7
0.247800	15
0.326000	5
0.843800	17
0.233000	17
0.326000	5
0.843800	27
0.221200	17
0.233000	16
0.221200	22
0.233000	4
0.247800	24
0.266700	6
0.375500	3
1.560000	18
0.451900	1
0.247800	12
0.221200	6
0.291700	3
0.582300	14
0.247800	5
0.266700	16
0.233000	13
0.178300	37
0.182100	27
0.186300	9
0.191200	5
0.247800	5
0.266700	5
0.247800	2
0.266700	10
0.326000	9
0.291700	2
0.203600	1
0.266700	6
0.247800	3
0.182100	4
0.178300	12
0.203100	1
0.178300	18
0.203100	2
0.172100	22
0.203100	1
0.172100	14
0.178300	4
0.175100	1
0.203100	2
0.175100	7
0.172100	9
0.182100	1
0.203100	12
0.178300	14
0.203100	11
0.178300	1
0.186300	6
0.182100	7
0.203100	10
0.182100	5
0.191200	2
0.182100	2
0.178300	2
0.172100	3
0.203100	8
0.163200	6
0.167200	3
0.165100	5
0.203100	12
0.165100	9
0.203100	8
0.165100	4
0.175100	3
0.196900	3
0.191200	4
0.203100	1
0.191200	11
0.169500	1
0.165100	6
0.203100	8
0.165100	15
0.203100	11
0.165100	17
0.203100	2
0.172100	17
0.203100	12
0.175100	1
0.169500	2
0.167200	4
0.203100	10
0.186300	3
0.182100	9
0.203100	2
0.182100	5
0.186300	12
0.203100	12
0.191200	12
0.186300	1
0.203100	2
0.186300	15
0.182100	2
0.203100	2
0.182100	3
0.191200	9
0.182100	3
0.186300	2
0.203100	9
0.186300	12
0.203100	12
0.186300	10
0.196900	4
0.203100	1
0.196900	7
0.203600	13
0.230000	51
0.233000	14
0.221200	19
0.211600	5
0.266700	6
0.375500	1
0.326000	2
0.291700	4
0.326000	1
0.375500	9
0.582300	9
0.233000	2
0.221200	2
0.233000	3
0.221200	9
0.203600	5
0.211600	12
0.233000	53
0.247800	4
0.186300	2
0.182100	5
0.221200	5
0.266700	6
0.233000	3
0.211600	2
0.221200	7
0.182100	2
0.169500	9
0.191200	1
0.169500	4
0.191200	2
0.247800	12
0.266700	2
0.326000	9
0.186300	17
0.196900	14
0.211600	2
0.233000	16
0.221200	58
0.203600	2
0.196900	58
0.191200	9
0.203600	51
0.266700	12
0.326000	2
0.375500	5
0.451900	5
0.203600	4
0.196900	3
0.266700	2
0.291700	9
0.375500	3
0.451900	2
0.582300	5
0.843800	9
0.211600	9
0.291700	3
0.326000	8
0.375500	1
0.582300	9
0.451900	2
0.203600	19
0.196900	7
0.233000	6
0.326000	17
0.196900	8
0.211600	3
0.247800	2
0.326000	9
0.451900	8
0.326000	21
0.196900	7
0.233000	4
0.375500	2
0.451900	17
0.266700	18
0.211600	3
0.203600	12
0.196900	16
0.203100	2
0.196900	14
0.203600	7
0.211600	126
0.233000	29
0.221200	3
0.203600	87
0.196900	10
0.211600	33
0.196900	9
0.182100	2
0.169500	3
0.167200	4
0.203100	5
0.201400	7
0.163200	14
0.203100	10
0.161400	4
0.169500	3
0.175100	2
0.191200	2
0.186300	10
0.203100	2
0.186300	3
0.165100	3
0.163200	7
0.165100	7
0.172100	4
0.203100	6
0.169500	4
0.165100	8
0.169500	6
0.203100	1
0.169500	2
0.172100	16
0.203100	1
0.172100	4
0.191200	3
0.221200	2
0.211600	72
0.191200	8
0.203600	19
0.211600	99
0.221200	12
0.247800	18
0.233000	2
0.221200	24
0.211600	23
0.203600	135
0.291700	2
0.266700	4
0.291700	10
0.375500	2
0.451900	10
0.582300	2
0.451900	3
0.375500	2
0.203600	4
0.211600	10
0.233000	51
0.221200	10
0.211600	2
0.203600	21
0.221200	5
0.203600	47
0.182100	9
0.186300	14
0.178300	9
0.175100	3
0.172100	9
0.167200	37
0.165100	43
0.167200	50
0.175100	9
0.186300	36
0.182100	14
0.175100	18
0.182100	33
0.186300	2
0.191200	7
0.175100	2
0.169500	24
0.172100	5
0.175100	66
0.178300	5
0.182100	81
0.221200	2
0.233000	1
0.211600	2
0.233000	4
0.221200	3
0.247800	20
0.221200	2
0.196900	2
0.233000	7
0.182100	1
0.175100	34
0.169500	3
0.178300	4
0.186300	1
0.191200	22
0.178300	17
0.186300	3
0.178300	4
0.186300	47
0.196900	6
0.203600	17
0.191200	11
0.178300	23
0.186300	10
0.196900	2
0.186300	19
0.182100	4
0.203600	3
0.221200	18
0.211600	1
0.172100	13
0.178300	1
0.167200	2
0.163200	16
0.165100	2
0.167200	5
0.169500	11
0.186300	53
0.211600	21
0.203600	5
0.196900	4
0.211600	6
0.182100	3
0.178300	21
0.196900	124
0.203600	5
0.326000	33
0.375500	2
0.326000	8
0.451900	5
0.211600	2
0.196900	35
0.211600	21
0.221200	15
0.211600	6
0.451900	5
0.582300	31
0.451900	17
0.291700	2
0.211600	13
1.560000	9
0.291700	32
0.233000	2
0.182100	1
0.191200	2
0.182100	19
0.221200	38
0.233000	2
0.266700	9
0.233000	6
0.211600	9
0.233000	12
0.211600	13
0.233000	26
0.247800	5
0.221200	45
0.247800	18
0.221200	60
0.233000	22
0.211600	20
0.221200	7
0.211600	8
0.203600	20
0.211600	20
0.203600	2
0.191200	47
0.196900	28
0.203600	11
0.196900	10
0.203600	11
0.196900	4
0.203600	1
0.196900	4
0.203600	15
0.211600	3
0.221200	47
0.233000	11
0.221200	13
0.233000	59
0.221200	3
0.233000	7
0.221200	2
0.233000	9
0.247800	13
0.233000	17
0.221200	11
0.211600	68
0.203600	2
0.191200	7
0.196900	4
0.203600	20
0.191200	54
0.196900	16
0.191200	33
0.203600	29
0.221200	33
0.233000	38
0.221200	7
0.266700	2
0.291700	11
0.233000	51
0.247800	13
0.326000	7
0.451900	38
0.375500	102
0.451900	5
0.582300	6
2.000000	3
1.560000	4
2.000000	24
1.560000	7
2.000000	20
0.451900	2
0.582300	5
0.451900	42
1.560000	5
2.000000	41
0.451900	20
0.582300	2
0.843800	20
2.000000	82
0.582300	32
0.843800	7
1.560000	8
0.843800	146
1.560000	34
0.843800	61
0.582300	62
0.375500	22
0.451900	64
0.326000	45
0.266700	21
0.233000	34
0.266700	12
0.247800	8
0.221200	39
0.233000	7
0.221200	105
0.233000	2
0.247800	11
0.233000	2
0.221200	68
0.211600	3
0.221200	7
0.233000	2
0.221200	4
0.233000	32
0.266700	8
0.233000	55
0.211600	6
0.221200	176
0.247800	3
0.221200	2
0.247800	9
0.233000	1
0.221200	71
0.233000	143
0.266700	9
0.233000	62
0.247800	5
0.233000	35
0.266700	12
0.233000	144
0.247800	12
0.233000	41
0.247800	87
0.266700	8
0.247800	2
0.211600	14
0.233000	10
0.211600	476
0.221200	44
0.211600	1
0.221200	7
0.211600	113
0.233000	9
0.221200	1
0.211600	55
0.221200	7
0.211600	42
0.221200	58
0.233000	5
0.221200	115
0.247800	9
0.221200	137
0.233000	7
0.221200	4
0.233000	46
0.247800	19
0.233000	4
0.221200	46
0.247800	10
0.221200	7
0.247800	14
0.221200	82
0.375500	2
0.451900	23
0.326000	7
0.375500	24
0.326000	39
0.233000	5
0.291700	7
0.326000	9
0.291700	12
0.266700	32
0.247800	2
0.211600	35
0.221200	31
0.247800	6
0.266700	15
0.375500	12
0.266700	6
0.375500	3
0.326000	2
0.843800	54
1.560000	24
0.375500	5
1.560000	19
0.266700	4
0.375500	3
0.843800	19
2.000000	1
0.326000	2
0.843800	19
0.247800	9
0.221200	22
0.203600	72
0.196900	13
0.221200	4
0.291700	19
0.196900	30
0.211600	5
0.247800	6
0.375500	1
2.000000	19
0.375500	10
0.326000	3
0.375500	19
0.451900	39
0.233000	6
0.291700	3
0.247800	10
0.233000	13
0.291700	3
0.266700	9
0.233000	13
0.221200	4
0.247800	9
0.375500	3
0.291700	2
0.582300	17
0.266700	2
0.221200	20
0.266700	4
0.247800	2
0.375500	5
1.560000	4
0.582300	11
0.375500	2
0.266700	2
0.203600	14
0.211600	136
0.191200	85
0.186300	30
0.191200	32
0.186300	3
0.191200	40
0.186300	2
0.191200	7
0.186300	4
0.196900	4
0.203600	21
0.196900	3
0.203600	17
0.186300	2
0.182100	76
0.191200	15
0.182100	9
0.186300	2
0.191200	11
0.182100	33
0.203600	6
0.247800	11
0.266700	4
0.247800	2
0.191200	36
0.196900	19
0.191200	5
0.186300	29
0.191200	5
0.196900	8
0.186300	2
0.196900	13
0.221200	6
0.291700	2
0.266700	9
0.186300	14
0.211600	3
0.266700	12
0.186300	4
0.211600	4
0.266700	28
0.291700	10
0.211600	2
0.191200	17
0.221200	4
0.291700	32
0.266700	4
0.186300	6
0.191200	3
0.221200	4
0.266700	2
0.291700	9
0.266700	28
0.186300	5
0.196900	15
0.203600	11
0.211600	71
0.233000	9
0.211600	11
0.221200	2
0.233000	14
0.221200	4
0.211600	9
0.203600	30
0.211600	18
0.203600	33
0.211600	130
0.203600	12
0.211600	9
0.196900	17
0.211600	2
0.221200	2
0.211600	3
0.221200	6
0.211600	3
0.196900	3
0.191200	4
0.203600	5
0.211600	16
0.203600	7
0.191200	7
0.203600	11
0.247800	7
0.233000	2
0.247800	3
0.233000	4
0.221200	32
0.211600	3
0.221200	39
0.211600	4
0.233000	1
0.266700	13
0.247800	2
0.233000	8
0.211600	7
2.000000	13
0.150000	3
0.151700	4
0.150000	21
0.148600	16
0.149300	22
0.151700	6
0.150000	8
0.149300	2
0.148600	65
0.151700	62
0.155800	18
0.158400	12
0.161400	5
0.159800	8
0.158400	75
0.153600	10
0.158400	2
0.153600	1
0.158400	18
0.161400	3
0.159800	10
0.158400	87
0.154700	10
0.153600	9
0.157000	3
0.159800	2
0.158400	4
0.159800	3
0.158400	12
0.157000	17
0.158400	7
0.159800	17
0.158400	13
0.159800	3
0.161400	5
0.165100	6
0.172100	3
0.169500	7
0.165100	10
0.155800	7
0.154700	19
0.158400	4
0.155800	3
0.154700	7
0.153600	14
0.158400	2
0.154700	25
0.153600	62
0.154700	21
0.155800	19
0.154700	10
0.155800	4
0.157000	56
0.159800	26
0.157000	52
0.155800	37
0.154700	45
0.158400	2
0.155800	3
0.157000	4
0.155800	19
0.154700	54
0.155800	67
0.165100	8
0.163200	2
0.158400	81
0.159800	1
0.154700	2
0.152600	32
0.151700	19
0.153600	15
0.152600	64
0.150900	11
0.151700	8
0.152600	1
0.154700	17
0.155800	4
0.153600	33
0.155800	11
0.157000	11
0.155800	27
0.153600	24
0.152600	4
0.157000	3
0.154700	11
0.158400	5
0.159800	38
0.158400	9
0.157000	38
0.158400	6
0.157000	11
0.155800	19
0.154700	4
0.157000	54
0.154700	4
0.155800	4
0.153600	20
0.152600	4
0.153600	1
0.152600	12
0.153600	16
0.152600	8
0.154700	9
0.152600	16
0.153600	10
0.154700	5
0.157000	2
0.158400	11
0.157000	2
0.158400	157
0.157000	21
0.158400	114
0.159800	2
0.158400	73
0.159800	4
0.161400	20
0.163200	8
0.159800	28
0.161400	14
0.165100	2
0.163200	19
0.159800	56
0.161400	13
0.163200	4
0.159800	11
0.161400	19
0.159800	20
0.161400	6
0.165100	2
0.172100	4
0.186300	3
0.182100	2
0.178300	2
0.175100	9
0.172100	2
0.158400	2
0.161400	4
0.165100	6
0.175100	28
0.158400	88
0.172100	15
0.175100	15
0.172100	62
0.175100	4
0.178300	3
0.161400	19
0.163200	2
0.161400	6
0.163200	11
0.161400	45
0.159800	8
0.163200	2
0.159800	22
0.157000	4
0.158400	91
0.159800	6
0.161400	9
0.163200	6
0.161400	7
0.165100	13
0.163200	20
0.161400	19
0.182100	100
0.221200	11
0.451900	20
0.291700	2
0.182100	4
0.191200	13
0.226100	107
0.184800	74
0.539600	2
0.600000	19
0.539600	97
0.375500	55
0.451900	2
0.375500	6
0.451900	3
0.582300	8
0.451900	11
0.943000	11
0.681700	21
0.943000	17
0.681700	11
0.943000	8
0.681700	10
0.539600	7
0.681700	6
0.943000	17
0.681700	18
2.000000	13
0.196900	32
0.203600	8
0.169500	7
0.182100	4
0.203600	22
0.196900	4
0.203600	7
0.196900	8
0.211600	36
0.221200	11
0.203600	6
0.196900	1
0.172100	2
0.169500	19
0.167200	11
0.165100	27
0.167200	48
0.169500	21
0.172100	6
0.195900	55
0.188100	2
0.195900	28
0.191800	2
0.195900	11
0.245900	19
0.258800	2
0.245900	20
0.235200	8
0.245900	22
0.235200	6
0.195900	2
0.188100	26
0.184800	17
0.188100	2
0.184800	8
0.181900	19
0.188100	13
0.184800	2
0.181900	28
0.184800	6
0.181900	10
0.184800	39
0.195900	2
0.191800	2
0.195900	2
0.245900	13
0.226100	77
0.245900	10
0.226100	4
0.318000	5
1.000000	8
0.943000	2
1.000000	16
0.226100	10
0.218300	29
0.226100	40
0.318000	4
1.000000	31
0.226100	4
0.318000	6
1.000000	18
0.226100	2
0.235200	6
0.226100	17
0.211500	18
0.200500	8
0.211500	3
0.200500	15
0.191800	6
0.200500	5
0.188100	90
0.195900	6
0.188100	154
0.191800	4
0.188100	5
0.184800	33
0.188100	23
0.191800	16
0.205600	6
0.200500	9
0.191800	12
0.195900	83
0.191800	17
0.188100	110
0.200500	5
0.191800	4
0.226100	5
0.539600	4
0.392100	7
0.349700	13
0.318000	33
0.188100	20
0.200500	5
0.191800	20
0.188100	20
0.200500	3
0.191800	22
0.188100	7
0.184800	30
0.191800	13
0.188100	2
0.184800	32
0.181900	3
0.184800	11
0.218300	14
0.226100	15
0.218300	11
0.211500	3
0.218300	22
0.186300	14
0.182100	2
0.169500	27
0.165100	14
0.175100	4
0.172100	12
0.186300	9
0.175100	161
0.200500	86
0.175100	45
0.186300	1
0.178300	6
0.175100	34
0.200500	9
0.218300	4
0.211500	10
0.200500	39
0.195900	4
0.200500	39
0.195900	7
0.172100	148
0.195900	7
0.211500	3
0.205600	9
0.195900	146
0.200500	15
0.205600	3
0.200500	58
0.205600	7
0.178300	20
0.205600	6
0.178300	20
0.191200	1
0.186300	13
0.178300	16
0.175100	83
0.178300	7
0.175100	36
0.203600	6
0.326000	57
0.175100	125
0.200500	16
0.227300	47
0.310400	15
0.333100	12
0.293700	4
0.274400	2
0.258800	20
0.310400	25
0.227300	9
0.252400	4
0.234600	4
0.252400	5
0.234600	2
0.227300	5
0.252400	6
0.242900	7
0.227300	7
0.220900	85
0.227300	5
0.220900	26
0.227300	5
0.220900	9
0.227300	58
0.200500	172
0.227300	14
0.200500	29
0.227300	24
0.242900	1
0.211500	2
0.200500	2
0.227300	5
0.255800	4
0.227300	41
0.234600	5
0.227300	11
0.252400	5
0.242900	6
0.263500	3
0.242900	11
0.227300	9
0.242900	18
0.227300	2
0.194200	21
0.210100	16
0.205500	2
0.197600	3
0.191100	18
0.197600	16
0.194200	4
0.197600	7
0.216900	31
0.208400	2
0.204700	3
0.208400	7
0.204700	34
0.208400	2
0.212500	4
0.194200	2
0.191100	7
0.188200	25
0.204700	5
0.208400	16
0.212500	9
0.208400	4
0.216900	21
0.221800	6
0.227200	3
0.233200	7
0.239800	30
0.247300	18
0.239800	5
0.247300	26
0.255800	12
0.247300	6
0.239800	12
0.247300	19
0.239800	22
0.247300	17
0.239800	13
0.247300	2
0.255800	11
0.276400	1
0.265400	4
0.239800	9
0.255800	4
0.247300	23
0.289100	2
0.398800	2
0.367500	2
1.000000	57
0.258800	2
0.226100	38
0.195900	2
0.184800	7
0.195900	3
0.218300	11
0.226100	7
0.184800	9
0.181900	10
0.195900	3
0.218300	11
0.211500	3
0.218300	8
0.211500	9
0.242900	3
0.211500	2
0.242900	5
0.211500	4
0.242900	4
0.211500	3
0.191800	7
0.169500	9
0.182100	4
0.172100	11
0.169500	6
0.157000	8
0.178300	2
0.161400	2
0.169500	1
0.196900	8
0.203600	8
0.175100	2
0.169500	4
0.195900	6
0.191800	8
0.188100	52
0.172300	13
0.179100	54
0.280500	2
0.272400	4
0.258400	65
0.252300	29
0.272400	8
0.310500	11
0.323000	8
0.354500	4
0.204700	14
0.188200	16
0.204700	21
0.216900	10
0.212500	17
0.208400	2
0.212500	4
0.208400	20
0.198100	24
0.201300	9
0.208400	2
0.204700	14
0.201300	6
0.204700	4
0.217600	4
0.221900	2
0.201300	6
0.185600	2
0.183100	14
0.191100	23
0.208400	4
0.212500	26
0.216900	2
0.221800	2
0.216900	2
0.221800	4
0.216900	12
0.179100	29
0.176700	12
0.174400	18
0.195900	45
0.181900	31
0.184800	30
0.181900	53
0.188100	3
0.181900	2
0.188100	6
0.181900	6
0.188100	8
0.184800	2
0.181900	35
0.179100	22
0.191800	6
0.211500	17
0.179100	21
0.181900	6
0.191800	35
0.195900	2
0.191800	4
0.200500	2
0.205600	2
0.211500	10
0.205600	2
0.184800	2
0.188100	2
0.191800	3
0.188100	2
0.184800	2
0.188100	14
0.184800	2
0.174400	13
0.172300	22
0.176700	5
0.174400	8
0.172300	12
0.174400	44
0.172300	10
0.174400	21
0.176700	6
0.179100	6
0.181900	8
0.179100	9
0.181900	2
0.184800	2
0.174400	6
0.179100	2
0.176700	20
0.226100	2
0.218300	2
0.539600	2
0.451500	3
0.392100	34
0.681700	4
2.000000	15
0.211600	4
0.175100	2
0.172100	4
0.169500	29
0.167200	12
0.172100	48
0.175100	34
0.178300	2
0.186300	4
0.178300	14
0.182100	2
0.178300	4
0.175100	10
0.169500	22
0.157000	9
0.161400	2
0.163200	2
0.172100	12
0.175100	6
0.172100	26
0.169500	13
0.157000	8
0.161400	2
0.158400	2
0.165100	4
0.163200	14
0.161400	16
0.175100	22
0.178300	32
0.159800	20
0.158400	16
0.151700	46
0.154700	6
0.153600	6
0.151700	4
0.153600	4
0.151700	15
0.158400	4
0.169500	10
0.175100	19
0.169500	15
0.175100	4
0.169500	17
0.178300	2
0.182100	4
0.203600	6
0.196900	9
0.221200	4
0.375500	2
0.221200	6
0.211600	2
0.203600	9
0.167200	10
0.150900	36
0.153600	6
0.155800	17
0.150900	4
0.152600	4
0.158400	4
0.172100	17
0.169500	2
0.167200	12
0.172100	2
0.175100	2
0.178300	4
0.182100	2
0.191200	3
0.182100	4
0.178300	2
0.172100	4
0.169500	25
0.291700	6
0.266700	8
0.233000	5
0.247800	39
0.175100	14
0.172100	31
0.182100	28
0.186300	4
0.182100	12
0.196900	4
0.186300	2
0.182100	19
0.178300	33
0.182100	17
0.172100	12
0.182100	8
0.178300	13
0.182100	40
0.178300	2
0.221200	2
0.233000	4
2.000000	37
0.233000	2
0.247800	14
0.211600	17
0.221200	6
0.175100	29
0.178300	12
0.172100	4
0.169500	4
0.175100	4
0.178300	2
0.186300	6
0.196900	6
0.211600	4
0.203600	8
0.186300	12
0.182100	7
0.196900	3
0.161400	22
0.159800	4
0.163200	97
0.167200	6
0.169500	18
0.186300	2
0.178300	4
0.247800	4
0.291700	4
0.375500	6
0.326000	6
0.375500	4
0.326000	2
0.221200	2
0.247800	4
0.291700	4
0.266700	20
0.191200	2
0.182100	12
0.191200	6
0.178300	8
0.186300	4
0.191200	8
0.203600	8
0.221200	4
0.203600	2
0.291700	9
0.266700	2
0.291700	6
0.326000	18
0.247800	21
0.233000	2
0.211600	8
0.221200	28
0.233000	12
0.186300	2
0.175100	41
0.178300	4
0.186300	6
0.191200	8
0.186300	2
0.203600	2
0.191200	7
0.196900	6
0.191200	10
0.196900	4
0.203600	2
0.211600	2
0.233000	14
0.203600	2
0.191200	6
0.182100	26
0.191200	14
0.186300	18
0.233000	2
0.221200	8
0.211600	43
0.291700	6
2.000000	117
0.451900	11
0.326000	20
0.375500	15
0.326000	2
0.175100	2
0.186300	2
0.161400	2
0.158400	50
0.157000	4
0.158400	17
0.163200	4
0.153600	6
0.154700	11
0.153600	4
0.154700	6
0.153600	5
0.154700	2
0.158400	10
0.154700	16
0.157000	23
0.154700	14
0.151700	13
0.150900	16
0.150000	6
0.152600	4
0.150900	6
0.151700	15
0.150900	163
0.150000	12
0.150900	65
0.155800	6
0.165100	58
0.153600	11
0.150900	6
0.154700	2
0.151700	5
0.154700	22
0.157000	5
0.158400	4
0.163200	6
0.175100	6
0.178300	6
0.175100	36
0.167200	10
0.155800	4
0.152600	2
0.151700	8
0.152600	10
0.151700	40
0.153600	63
0.157000	4
0.155800	2
0.163200	10
0.161400	15
0.175100	2
0.172100	2
0.191200	5
0.203600	4
0.211600	12
0.233000	5
0.221200	2
0.203600	10
0.167200	6
0.163200	13
0.150000	2
0.149300	6
0.151700	4
0.155800	2
0.157000	3
0.155800	10
0.158400	6
0.169500	8
0.158400	64
0.157000	25
0.153600	2
0.148600	6
0.150900	13
0.148600	73
0.147900	21
0.148600	23
0.147900	2
0.148600	43
0.147900	25
0.152600	34
0.153600	44
0.158400	36
0.163200	2
0.161400	4
0.159800	6
0.163200	4
0.161400	7
0.158400	23
0.163200	11
0.165100	9
0.167200	25
0.169500	2
0.172100	5
0.169500	4
0.163200	4
0.159800	2
0.152600	115
0.150900	6
0.154700	38
0.157000	5
0.158400	23
0.161400	4
0.157000	21
0.154700	67
0.158400	4
0.157000	9
0.154700	8
0.150900	18
0.154700	6
0.157000	6
0.154700	24
0.155800	39
0.154700	4
0.155800	7
0.154700	31
0.155800	3
0.154700	8
0.158400	5
0.155800	10
0.157000	9
0.155800	6
0.157000	20
0.152600	36
0.153600	44
0.157000	3
0.154700	18
0.158400	2
0.159800	1
0.158400	48
0.161400	4
0.159800	10
0.158400	30
0.159800	23
0.158400	1
0.157000	57
0.158400	22
0.157000	10
0.158400	7
0.161400	2
0.159800	4
0.178300	5
0.326000	4
0.291700	2
0.375500	11
0.196900	10
0.182100	17
0.191200	13
0.169500	2
0.158400	21
0.154700	9
0.155800	23
0.158400	15
0.157000	4
0.155800	9
0.157000	2
0.158400	25
0.154700	81
0.157000	4
0.154700	6
0.153600	98
0.155800	4
0.153600	32
0.152600	2
0.161400	17
0.163200	24
0.165100	10
0.172100	31
0.178300	77
0.159800	35
0.161400	30
0.159800	28
0.158400	8
0.159800	33
0.158400	6
0.157000	24
0.158400	8
0.161400	5
0.159800	10
0.158400	15
0.161400	5
0.158400	67
0.161400	56
0.167200	5
0.161400	41
0.158400	18
0.159800	18
0.158400	5
0.157000	86
0.158400	2
0.157000	65
0.158400	6
0.157000	21
0.158400	77
0.163200	12
0.167200	2
0.163200	2
0.161400	2
0.158400	78
0.157000	68
0.159800	13
0.157000	2
0.158400	7
0.157000	4
0.158400	2
0.157000	1
0.155800	8
0.157000	7
0.172100	5
0.291700	6
0.375500	3
0.451900	8
0.375500	1
0.203600	9
0.182100	6
0.186300	5
0.182100	7
0.186300	13
0.157000	169
0.154700	100
0.157000	9
0.159800	15
0.161400	7
0.159800	7
0.158400	2
0.159800	27
0.178300	18
0.182100	5
0.178300	7
0.182100	7
0.178300	111
0.175100	4
0.178300	2
0.182100	5
0.178300	13
0.159800	21
0.158400	4
0.159800	18
0.158400	1
0.159800	23
0.158400	82
0.161400	12
0.158400	146
0.161400	25
0.158400	105
0.163200	5
0.161400	11
0.158400	137
0.159800	2
0.158400	19
0.159800	4
0.158400	10
0.159800	2
0.158400	4
0.159800	1
0.158400	4
0.161400	4
0.158400	3
0.157000	6
0.158400	2
0.159800	2
0.158400	3
0.157000	4
0.158400	13
0.159800	1
0.158400	2
0.159800	2
0.158400	9
0.157000	2
0.158400	29
0.159800	1
0.158400	2
0.159800	2
0.161400	2
0.159800	2
0.158400	19
0.159800	4
0.158400	2
0.159800	7
0.158400	16
0.159800	4
0.158400	5
0.159800	2
0.158400	5
0.159800	4
0.158400	5
0.159800	2
0.158400	20
0.159800	3
0.158400	2
0.159800	2
0.158400	2
0.159800	2
0.158400	7
0.159800	3
0.158400	2
0.159800	2
0.158400	2
0.159800	2
0.158400	5
0.159800	4
0.158400	5
0.159800	2
0.158400	3
0.169500	2
0.182100	2
0.375500	4
0.326000	1
0.582300	2
0.451900	2
2.000000	2
1.560000	2
0.843800	5
0.221200	7
0.211600	2
0.196900	4
0.203600	1
0.196900	6
0.247800	2
0.233000	3
0.221200	2
0.211600	5
0.221200	2
0.211600	2
0.221200	2
0.211600	2
0.159800	1
0.165100	2
0.163200	2
0.158400	2
0.157000	2
0.158400	3
0.159800	6
0.158400	5
0.159800	2
0.161400	4
0.159800	3
0.158400	15
0.167200	2
0.169500	3
0.158400	2
0.161400	2
0.159800	2
0.182100	1
0.178300	2
0.221200	2
0.211600	4
0.203600	3
0.196900	2
0.191200	5
0.196900	2
0.175100	2
0.159800	2
0.158400	2
0.157000	1
0.158400	4
0.159800	4
0.158400	1
0.159800	2
0.169500	2
0.172100	2
0.196900	3
0.203600	2
0.196900	2
0.203600	4
0.196900	5
0.203600	2
0.191200	2
0.161400	1
0.159800	4
0.158400	22
0.159800	3
0.158400	45
0.169500	2
0.172100	4
0.203600	1
0.186300	2
0.191200	2
0.203600	2
0.196900	2
0.203600	3
0.196900	2
0.203600	2
0.186300	1
0.158400	11
0.157000	4
0.158400	3
0.157000	4
0.158400	3
0.159800	2
0.158400	29
0.159800	2
0.158400	3
0.159800	6
0.158400	5
0.157000	2
0.158400	7
0.157000	2
0.158400	5
0.157000	4
0.158400	5
0.157000	4
0.158400	5
0.159800	2
0.158400	9
0.172100	4
0.169500	1
0.175100	4
0.172100	2
0.169500	3
0.175100	6
0.178300	1
0.182100	2
0.175100	2
0.178300	4
0.175100	1
0.178300	2
0.172100	2
0.178300	2
0.172100	3
0.175100	2
0.178300	2
0.175100	4
0.178300	3
0.203600	2
0.221200	2
0.203600	1
0.326000	2
0.451900	2
0.375500	4
0.326000	1
0.375500	2
0.291700	2
0.326000	2
0.266700	3
0.291700	2
0.247800	2
0.291700	1
0.326000	2
0.291700	2
0.326000	2
0.291700	3
0.326000	2
0.266700	5
0.172100	2
0.175100	2
0.172100	4
0.175100	3
0.172100	4
0.175100	2
0.172100	3
0.175100	2
0.172100	2
0.178300	2
0.175100	1
0.172100	2
0.169500	2
0.175100	5
0.172100	2
0.169500	2
0.172100	2
0.169500	3
0.172100	8
0.175100	3
0.172100	2
0.169500	4
0.175100	1
0.172100	2
0.175100	2
0.172100	7
0.169500	2
0.165100	2
0.157000	2
0.158400	1
0.157000	2
0.158400	20
0.157000	2
0.158400	1
0.157000	4
0.158400	7
0.167200	2
0.169500	2
0.196900	1
0.191200	2
0.196900	2
0.191200	2
0.196900	2
0.191200	3
0.186300	4
0.191200	2
0.186300	2
0.191200	1
0.186300	2
0.191200	2
0.196900	3
0.163200	2
0.158400	4
0.157000	5
0.158400	2
0.157000	2
0.158400	5
0.155800	4
0.157000	7
0.158400	20
0.155800	5
0.157000	4
0.158400	1
0.159800	2
0.158400	9
0.157000	4
0.158400	3
0.157000	2
0.158400	18
0.157000	4
0.158400	2
0.157000	2
0.158400	2
0.165100	3
0.186300	4
0.191200	2
0.196900	1
0.191200	2
0.196900	2
0.191200	2
0.186300	3
0.191200	2
0.186300	6
0.191200	1
0.186300	2
0.191200	2
0.221200	5
0.196900	4
0.169500	2
0.158400	5
0.157000	6
0.158400	3
0.157000	2
0.155800	8
0.157000	5
0.155800	2
0.157000	2
0.155800	1
0.158400	2
0.167200	4
0.186300	5
0.182100	4
0.191200	5
0.186300	4
0.182100	2
0.158400	3
0.157000	4
0.154700	6
0.158400	3
0.155800	2
0.154700	2
0.157000	2
0.158400	3
0.167200	4
0.165100	2
0.186300	1
0.191200	2
0.203600	4
0.191200	1
0.196900	2
0.191200	8
0.159800	3
0.158400	2
0.159800	2
0.158400	7
0.159800	2
0.161400	2
0.159800	1
0.158400	6
0.159800	1
0.158400	4
0.161400	2
0.158400	2
0.159800	3
0.161400	2
0.163200	2
0.158400	3
0.157000	2
0.158400	2
0.155800	5
0.158400	2
0.157000	6
0.158400	5
0.155800	2
0.154700	2
0.158400	9
0.155800	3
0.157000	2
0.158400	9
0.155800	4
0.165100	1
0.161400	2
0.186300	2
0.191200	2
0.186300	2
0.196900	3
0.186300	2
0.182100	4
0.191200	1
0.196900	2
0.186300	2
0.157000	2
0.155800	4
0.154700	1
0.163200	4
0.191200	4
0.186300	3
0.182100	4
0.178300	2
0.182100	1
0.196900	2
0.191200	2
0.196900	2
0.158400	12
0.157000	4
0.158400	4
0.155800	3
0.157000	2
0.158400	2
0.157000	5
0.155800	2
0.157000	2
0.155800	1
0.157000	2
0.158400	9
0.157000	9
0.155800	4
0.157000	2
0.155800	2
0.157000	9
0.155800	5
0.158400	2
0.157000	4
0.158400	5
0.157000	2
0.155800	3
0.158400	6
0.155800	2
0.154700	1
0.155800	2
0.157000	4
0.158400	7
0.157000	5
0.155800	4
0.157000	2
0.158400	1
0.157000	2
0.158400	14
0.157000	4
0.158400	4
0.157000	5
0.158400	22
0.157000	2
0.158400	2
0.159800	2
0.158400	5
0.157000	4
0.159800	3
0.161400	2
0.163200	2
0.161400	2
0.159800	3
0.158400	6
0.159800	1
0.158400	11
0.159800	2
0.163200	2
0.161400	1
0.163200	2
0.161400	2
0.163200	2
0.161400	2
0.163200	2
0.158400	12
0.167200	2
0.165100	2
0.159800	1
0.158400	2
0.161400	5
0.159800	2
0.158400	29
0.161400	4
0.163200	3
0.161400	6
0.158400	43
0.159800	1
0.158400	13
0.159800	8
0.158400	12
0.161400	2
0.175100	2
0.178300	2
0.326000	3
0.375500	2
0.582300	4
2.000000	1
1.560000	8
0.233000	3
0.247800	2
0.233000	4
0.203600	3
0.211600	2
0.196900	9
0.203600	10
0.211600	1
0.203600	6
0.159800	2
0.163200	2
0.161400	2
0.159800	3
0.161400	4
0.159800	7
0.161400	2
0.159800	7
0.161400	4
0.159800	7
0.161400	4
0.159800	3
0.161400	4
0.163200	2
0.159800	2
0.158400	5
0.159800	5
0.161400	4
0.159800	3
0.161400	2
0.163200	4
0.159800	7
0.161400	6
0.159800	3
0.165100	8
0.161400	1
0.163200	2
0.161400	4
0.159800	3
0.161400	6
0.172100	3
0.203600	26
0.196900	3
0.203600	2
0.196900	4
0.211600	3
0.178300	2
0.159800	4
0.161400	1
0.159800	4
0.161400	2
0.159800	2
0.161400	3
0.159800	11
0.158400	2
0.159800	2
0.165100	3
0.161400	6
0.163200	1
0.159800	6
0.161400	7
0.159800	27
0.161400	4
0.159800	2
0.161400	1
0.159800	2
0.163200	2
0.161400	5
0.163200	4
0.161400	2
0.163200	2
0.161400	2
0.159800	8
0.161400	2
0.163200	2
0.161400	7
0.163200	2
0.161400	4
0.163200	1
0.158400	4
0.159800	2
0.158400	3
0.159800	2
0.158400	2
0.159800	2
0.158400	1
0.163200	2
0.165100	2
0.158400	11
0.159800	2
0.158400	3
0.159800	2
0.158400	2
0.159800	2
0.175100	3
0.172100	2
0.175100	9
0.172100	4
0.178300	3
0.175100	8
0.178300	2
0.175100	16
0.178300	5
0.175100	4
0.178300	6
0.175100	3
0.182100	2
0.178300	2
0.182100	2
0.178300	3
0.175100	22
0.178300	2
0.175100	7
0.172100	2
0.175100	2
0.172100	4
0.175100	2
0.172100	5
0.175100	2
0.172100	2
0.175100	1
0.172100	15
0.175100	2
0.172100	2
0.186300	1
0.182100	2
0.175100	6
0.178300	2
0.175100	3
0.172100	2
0.175100	4
0.172100	2
0.158400	19
0.159800	2
0.158400	18
0.159800	2
0.158400	6
0.159800	1
0.158400	2
0.159800	2
0.161400	8
0.163200	2
0.161400	2
0.159800	2
0.158400	18
0.161400	4
0.163200	2
0.161400	9
0.163200	2
0.161400	7
0.159800	2
0.158400	10
0.159800	5
0.158400	30
0.159800	2
0.158400	2
0.159800	2
0.161400	1
0.158400	12
0.159800	2
0.161400	2
0.159800	2
0.158400	3
0.157000	4
0.158400	2
0.157000	2
0.158400	1
0.157000	2
0.158400	8
0.159800	1
0.158400	6
0.159800	2
0.158400	16
0.159800	2
0.158400	22
0.159800	6
0.161400	5
0.158400	17
0.159800	1
0.158400	2
0.159800	2
0.158400	6
0.159800	1
0.158400	26
0.157000	2
0.158400	2
0.157000	5
0.158400	50
0.159800	11
0.158400	47
0.159800	2
0.158400	2
0.157000	2
0.159800	2
0.161400	1
0.159800	2
0.161400	2
0.159800	2
0.161400	2
0.159800	3
0.158400	48
0.157000	4
0.158400	27
0.159800	4
0.158400	5
0.157000	2
0.155800	2
0.158400	2
0.157000	2
0.158400	1
0.157000	8
0.158400	2
0.161400	1
0.159800	2
0.158400	6
0.163200	5
0.169500	2
0.167200	4
0.169500	2
0.165100	1
0.159800	2
0.158400	4
0.157000	4
0.158400	11
0.159800	2
0.157000	3
0.158400	18
0.157000	4
0.158400	17
0.159800	1
0.158400	8
0.157000	4
0.159800	6
0.161400	2
0.159800	2
0.161400	2
0.159800	4
0.158400	3
0.159800	3
0.158400	1
0.159800	2
0.158400	6
0.157000	8
0.158400	11
0.157000	5
0.155800	4
0.157000	6
0.158400	4
0.155800	5
0.157000	19
0.158400	2
0.157000	4
0.158400	2
0.155800	3
0.157000	13
0.158400	4
0.157000	2
0.158400	2
0.159800	2
0.158400	16
0.157000	70
0.169500	1
0.172100	4
0.291700	5
0.375500	4
0.451900	7
0.326000	2
0.203600	6
0.211600	3
0.186300	28
0.191200	1
0.186300	2
0.157000	4
0.158400	2
0.157000	1
0.158400	2
0.157000	2
0.158400	2
0.155800	5
0.157000	8
0.158400	1
0.157000	4
0.158400	2
0.157000	2
0.158400	2
0.157000	3
0.158400	2
0.157000	2
0.155800	4
0.157000	5
0.158400	4
0.157000	4
0.155800	1
0.154700	2
0.155800	4
0.158400	2
0.157000	2
0.158400	2
0.157000	3
0.155800	4
0.158400	2
0.157000	2
0.158400	2
0.157000	1
0.158400	2
0.157000	6
0.158400	2
0.157000	1
0.158400	2
0.157000	2
0.158400	2
0.157000	2
0.158400	2
0.157000	1
0.158400	2
0.157000	2
0.158400	6
0.157000	1
0.155800	6
0.158400	7
0.161400	2
0.159800	2
0.158400	7
0.159800	8
0.158400	4
0.159800	9
0.161400	2
0.159800	7
0.158400	2
0.159800	2
0.157000	4
0.158400	1
0.157000	8
0.155800	5
0.154700	2
0.155800	45
0.158400	15
0.155800	18
0.157000	76
0.158400	7
0.159800	10
0.167200	59
0.165100	9
0.161400	37
0.163200	2
0.167200	4
0.169500	2
0.167200	2
0.163200	7
0.161400	2
0.163200	2
0.158400	5
0.159800	2
0.158400	2
0.161400	2
0.175100	3
0.178300	2
0.211600	2
0.221200	2
0.211600	7
0.221200	2
0.211600	2
0.203600	3
0.159800	2
0.161400	2
0.159800	2
0.161400	2
0.191200	9
0.233000	1
0.291700	2
0.266700	2
2.000000	2
1.560000	3
0.582300	6
0.451900	7
1.560000	6
2.000000	2
1.560000	10
2.000000	4
1.560000	2
2.000000	2
1.560000	9
2.000000	5
0.233000	6
0.247800	2
0.233000	2
0.247800	1
0.233000	2
0.247800	2
0.233000	2
0.247800	2
0.233000	11
0.247800	1
0.233000	2
0.196900	2
0.191200	4
0.196900	4
0.203600	1
0.196900	4
0.203600	10
0.196900	6
0.203600	2
0.211600	1
0.203600	9
0.211600	2
0.203600	8
0.211600	7
0.172100	2
0.175100	2
0.172100	5
0.169500	2
0.191200	2
0.172100	2
0.178300	3
0.221200	9
0.196900	21
0.186300	3
0.191200	4
0.196900	4
0.203600	1
0.191200	2
0.196900	2
0.203600	2
0.196900	1
0.203600	9
0.211600	2
0.203600	4
0.375500	2
0.326000	7
0.291700	5
0.266700	2
0.291700	2
0.266700	4
0.291700	1
0.266700	8
0.326000	1
0.291700	2
0.247800	6
0.266700	1
0.247800	2
0.266700	2
0.291700	2
0.266700	3
0.291700	2
0.266700	4
0.291700	1
0.266700	7
0.291700	2
0.266700	4
0.291700	2
0.266700	1
0.233000	2
0.247800	2
0.233000	9
0.221200	4
0.233000	1
0.221200	4
0.211600	4
0.221200	1
0.211600	7
0.203600	9
0.191200	4
0.196900	2
0.182100	11
0.186300	1
0.191200	7
0.186300	9
0.191200	2
0.186300	2
0.191200	7
0.196900	2
0.182100	7
0.186300	2
0.191200	13
0.203600	2
0.211600	3
0.186300	9
0.191200	8
0.196900	5
0.191200	2
0.196900	2
0.191200	13
0.221200	1
0.211600	2
0.221200	2
0.191200	2
0.196900	2
0.191200	2
0.196900	1
0.191200	2
0.196900	2
0.191200	2
0.186300	4
0.191200	3
0.196900	2
0.191200	8
0.186300	7
0.191200	6
0.186300	3
0.191200	4
0.196900	2
0.191200	9
0.196900	8
0.203600	13
0.221200	3
0.203600	6
0.211600	4
0.191200	2
0.196900	1
0.191200	8
0.182100	5
0.186300	2
0.191200	6
0.186300	2
0.191200	1
0.186300	2
0.191200	2
0.196900	2
0.191200	2
0.186300	2
0.191200	6
0.196900	3
0.191200	2
0.186300	2
0.196900	4
0.203600	2
0.178300	2
0.182100	2
0.178300	5
0.186300	2
0.191200	5
0.186300	4
0.191200	2
0.196900	6
0.191200	1
0.186300	2
0.196900	2
0.186300	2
0.191200	2
0.196900	2
0.203600	3
0.233000	2
0.221200	2
0.203600	2
0.211600	2
0.196900	6
0.221200	1
0.211600	2
0.203600	2
0.196900	2
0.211600	4
0.203600	2
0.196900	2
0.203600	1
0.211600	2
0.203600	2
0.196900	4
0.203600	22
0.233000	2
0.221200	2
0.203600	4
0.211600	2
0.233000	4
0.211600	3
0.233000	10
0.221200	3
0.203600	23
0.196900	3
0.191200	4
0.196900	6
0.203600	3
0.211600	4
0.186300	9
0.182100	4
0.203600	17
0.191200	1
0.211600	2
0.326000	2
0.375500	2
2.000000	20
1.560000	8
0.451900	9
2.000000	5
0.451900	11
1.560000	2
0.843800	2
0.196900	2
0.186300	17
0.191200	3
0.182100	2
0.191200	15
0.221200	6
0.191200	27
0.196900	4
0.203600	8
0.221200	3
0.203600	19
0.191200	3
0.221200	4
0.196900	9
0.163200	2
0.169500	2
0.167200	18
0.163200	2
0.158400	3
0.157000	16
0.154700	22
0.152600	8
0.157000	3
0.153600	6
0.167200	5
0.165100	4
0.167200	1
0.165100	8
0.191200	21
0.196900	2
0.191200	2
0.186300	2
0.182100	2
0.191200	7
0.196900	2
0.191200	3
0.186300	2
0.203600	2
0.247800	6
0.211600	9
0.221200	3
0.211600	4
0.221200	2
0.211600	3
0.266700	13
0.291700	2
0.326000	2
0.247800	2
0.266700	1
0.247800	2
0.233000	4
0.291700	2
0.266700	2
0.221200	1
0.211600	2
0.203600	2
0.191200	4
0.196900	1
0.191200	8
0.196900	1
0.191200	2
0.196900	2
0.370500	2
0.397900	2
0.431400	1
0.397900	4
0.370500	9
0.397900	2
0.370500	2
0.328700	2
0.347800	1
0.370500	2
0.347800	2
0.370500	5
0.347800	2
0.328700	2
0.370500	2
0.347800	3
0.159800	2
0.158400	7
0.182100	2
0.234600	2
0.191100	4
0.234600	5
0.210100	2
0.215200	5
0.210100	4
0.263500	1
0.220900	4
0.291900	4
0.263500	3
0.252400	2
0.242900	4
0.234600	3
0.263500	2
0.252400	2
0.263500	2
0.276400	7
0.263500	4
0.276400	9
0.291900	2
0.276400	1
0.291900	2
0.276400	7
0.291900	4
0.310400	5
0.333100	2
0.310400	22
0.333100	14
0.221200	24
0.233000	3
0.221200	9
0.191200	27
0.182100	9
0.191200	13
0.172100	9
0.196900	12
0.203600	17
0.196900	3
0.175100	9
0.182100	4
0.191200	2
0.182100	3
0.191200	85
0.172100	4
0.175100	5
0.169500	2
0.167200	5
0.165100	4
0.191200	12
0.182100	9
0.191200	2
0.186300	9
0.172100	13
0.196900	10
0.211600	22
0.196900	1
0.191200	24
0.182100	12
0.191200	11
0.203600	41
0.191200	24
0.182100	9
0.191200	5
0.211600	6
0.172100	7
0.178300	2
0.186300	1
0.196900	8
0.186300	1
0.178300	2
0.167200	2
0.172100	5
0.175100	2
0.172100	2
0.196900	2
0.191200	2
0.169500	3
0.191200	42
0.203600	5
0.191200	6
0.182100	1
0.178300	6
0.175100	3
0.178300	2
0.196900	20
0.186300	10
0.196900	9
0.203600	16
0.191200	18
0.182100	2
0.186300	2
0.191200	4
0.186300	1
0.196900	11
0.172100	13
0.203600	1
0.191200	31
0.182100	4
0.186300	7
0.196900	7
0.191200	18
0.186300	12
0.172100	13
0.178300	11
0.182100	12
0.186300	2
0.191200	9
0.186300	10
0.182100	8
0.175100	3
0.172100	6
0.175100	5
0.172100	5
0.159800	11
0.178300	5
0.233000	4
0.221200	2
2.000000	16
0.326000	2
0.375500	3
0.326000	6
0.247800	12
0.326000	6
0.291700	7
0.247800	3
0.233000	2
0.178300	7
0.172100	13
0.178300	2
0.172100	3
0.178300	29
0.175100	2
0.182100	3
0.175100	6
0.182100	12
0.175100	15
0.182100	10
0.169500	6
0.182100	1
0.169500	6
0.172100	3
0.167200	13
0.178300	13
0.167200	9
0.203600	7
0.196900	3
0.203600	15
0.186300	5
0.191200	2
0.182100	32
0.186300	2
0.203600	23
0.211600	8
0.196900	7
0.191200	2
0.211600	5
0.196900	4
0.211600	1
0.203600	4
0.175100	9
0.182100	4
0.178300	3
0.196900	4
0.186300	18
0.211600	4
0.175100	10
0.182100	8
0.191200	47
0.167200	3
0.163200	8
0.178300	2
0.163200	1
0.161400	2
0.175100	16
0.182100	2
0.175100	4
0.182100	24
0.191200	23
0.196900	9
0.211600	4
0.196900	31
0.186300	44
0.178300	20
0.167200	12
0.178300	2
0.167200	3
0.178300	4
0.172100	6
0.158400	4
0.161400	4
0.158400	3
0.175100	6
0.169500	2
0.178300	21
0.191200	4
0.186300	9
0.182100	2
0.178300	12
0.186300	7
0.178300	40
0.172100	28
0.182100	30
0.165100	17
0.161400	4
0.157000	26
0.159800	4
0.172100	2
0.159800	3
0.169500	4
0.167200	6
0.163200	39
0.159800	5
0.158400	9
0.165100	49
0.161400	15
0.165100	3
0.163200	2
0.161400	49
0.154700	12
0.153600	8
0.157000	51
0.158400	5
0.159800	22
0.157000	16
0.158400	19
0.157000	6
0.158400	4
0.157000	5
0.158400	4
0.157000	2
0.158400	1
0.159800	2
0.161400	2
0.165100	2
0.163200	2
0.161400	2
0.158400	7
0.155800	15
0.153600	11
0.152600	2
0.153600	4
0.152600	14
0.155800	2
0.157000	5
0.159800	60
0.158400	2
0.159800	32
0.161400	13
0.158400	20
0.159800	16
0.178300	4
0.326000	2
0.291700	2
0.233000	7
0.247800	7
0.178300	9
0.175100	2
0.169500	18
0.178300	4
0.186300	4
0.191200	2
0.182100	1
0.155800	17
0.154700	39
0.158400	66
0.159800	9
0.158400	18
0.155800	9
0.153600	4
0.155800	113
0.157000	6
0.158400	19
0.159800	4
0.158400	11
0.157000	14
0.154700	23
0.155800	13
0.158400	3
0.155800	6
0.154700	35
0.151700	6
0.150900	3
0.155800	25
0.158400	4
0.155800	4
0.158400	5
0.157000	2
0.155800	3
0.154700	25
0.155800	43
0.157000	25
0.154700	2
0.155800	4
0.157000	5
0.158400	7
0.159800	5
0.161400	18
0.159800	6
0.158400	5
0.157000	2
0.155800	3
0.161400	35
0.158400	115
0.161400	29
0.163200	11
0.159800	2
0.163200	12
0.159800	45
0.158400	114
0.161400	2
0.158400	52
0.159800	36
0.163200	12
0.159800	40
0.158400	179
0.161400	24
0.158400	12
0.161400	11
0.158400	11
0.159800	3
0.158400	22
0.172100	1
0.175100	4
0.326000	5
0.451900	4
0.582300	4
0.843800	3
0.582300	2
0.211600	9
0.196900	2
0.191200	29
0.158400	141
0.154700	2
0.153600	3
0.154700	55
0.153600	2
0.154700	25
0.153600	39
0.154700	2
0.153600	2
0.154700	7
0.157000	6
0.154700	24
0.157000	6
0.154700	103
0.152600	30
0.154700	22
0.157000	21
0.158400	26
0.161400	21
0.165100	28
0.169500	11
0.165100	49
0.152600	75
0.154700	5
0.152600	72
0.155800	2
0.154700	12
0.152600	176
0.153600	49
0.152600	59
0.153600	36
0.154700	1
0.153600	2
0.152600	4
0.153600	34
0.155800	5
0.153600	30
0.152600	91
0.153600	8
0.154700	3
0.153600	69
0.158400	5
0.157000	12
0.153600	1
0.157000	2
0.165100	4
0.233000	5
0.266700	2
0.375500	2
0.451900	2
0.326000	6
0.266700	1
0.191200	6
0.186300	4
0.175100	18
0.178300	11
0.161400	2
0.154700	3
0.153600	8
0.154700	83
0.153600	184
0.157000	2
0.154700	22
0.153600	33
0.152600	102
0.151700	11
0.152600	66
0.250000	869
0.451900	4
0.843800	2
0.451900	2
0.582300	5
0.375500	2
0.266700	2
0.250000	350
0.245900	2
0.226100	62
0.235200	13
0.245900	2
0.250000	100
0.245900	5
0.250000	50
0.245900	33
0.250000	7
0.245900	55
0.250000	27
0.245900	32
0.250000	53
0.245900	10
0.250000	20
0.310400	34
0.361500	24
0.397700	3
0.310400	32
0.361500	4
0.397700	3
0.361500	18
0.310400	7
0.361500	7
0.500000	2
0.397700	120
0.500000	12
0.397700	11
0.361500	40
0.397700	39
0.361500	4
0.500000	34
0.397700	48
0.500000	18
0.397700	29
0.445500	33
0.397700	5
0.445500	5
0.500000	8
0.445500	3
0.500000	31
0.451500	22
2.000000	31
1.560000	1
0.843800	30
0.191200	3
0.175100	15
0.178300	2
0.182100	5
0.178300	11
0.182100	2
0.178300	3
0.182100	2
0.178300	9
0.186300	2
0.182100	2
0.191200	2
0.186300	10
0.191200	9
0.203600	25
0.221200	11
0.233000	23
0.178300	28
0.186300	9
0.191200	2
0.186300	16
0.203600	2
0.196900	2
0.203600	5
0.196900	2
0.203600	7
0.211600	2
0.203600	4
0.165100	25
0.163200	2
0.191200	18
0.196900	2
0.191200	34
0.196900	2
0.191200	2
0.196900	2
0.191200	2
0.196900	3
0.191200	25
0.196900	18
0.203600	2
0.196900	31
0.203600	2
0.196900	44
0.203600	24
0.211600	1
0.221200	18
0.266700	14
0.221200	29
0.203600	2
0.221200	17
0.203600	22
0.196900	5
0.211600	2
0.233000	10
0.211600	8
0.203600	3
0.191200	5
0.203600	9
0.196900	4
0.191200	1
0.186300	16
0.191200	18
0.196900	5
0.191200	11
0.186300	2
0.191200	11
0.221200	5
0.211600	9
0.203600	2
0.191200	45
0.196900	11
0.191200	3
0.196900	17
0.375500	29
0.451900	9
0.843800	27
2.000000	134
0.582300	34
0.451900	14
0.582300	29
2.000000	96
1.560000	18
2.000000	7
1.560000	29
2.000000	3
1.560000	34
2.000000	39
1.560000	27
0.843800	4
1.560000	21
0.843800	18
2.000000	3
1.560000	4
2.000000	289
0.843800	27
1.560000	2
2.000000	10
1.560000	3
0.843800	11
1.560000	42
2.000000	72
1.560000	6
0.451900	22
0.375500	11
0.451900	9
0.582300	1
0.451900	24
0.158400	5
0.157000	18
0.175100	3
0.172100	2
0.169500	2
0.172100	2
0.175100	3
0.172100	43
0.182100	16
0.196900	7
0.186300	7
0.191200	6
0.203600	5
0.191200	11
0.186300	9
0.178300	5
0.172100	18
0.178300	16
0.175100	3
0.182100	4
0.175100	11
0.169500	5
0.178300	4
0.182100	28
2.000000	546
0.843800	2
0.203600	2
0.196900	11
0.203600	17
0.186300	2
0.182100	12
0.196900	38
0.191200	13
0.196900	15
0.203600	2
0.196900	11
0.203600	4
0.196900	13
0.186300	2
0.182100	28
0.266700	2
0.247800	2
0.326000	1
2.000000	19
1.560000	9
0.582300	28
0.326000	2
0.186300	17
0.203600	11
0.196900	17
0.211600	25
0.196900	15
0.203600	1
0.196900	4
0.203600	7
0.326000	4
1.560000	43
0.266700	4
0.247800	2
0.266700	23
0.247800	9
0.291700	6
0.247800	12
0.266700	6
0.233000	1
0.247800	2
0.233000	4
0.221200	3
0.233000	2
0.247800	2
0.233000	2
0.221200	3
0.247800	18
0.221200	26
0.211600	13
0.247800	5
0.221200	7
0.211600	31
0.221200	2
0.211600	23
0.221200	6
0.203600	23
0.233000	9
0.221200	4
0.196900	53
0.211600	1
0.203600	2
0.211600	5
0.233000	13
0.211600	5
0.233000	7
0.211600	13
0.233000	14
0.221200	2
0.211600	21
0.196900	12
0.211600	16
0.203600	16
0.191200	2
2.000000	3
0.191200	7
0.203600	9
0.196900	2
0.211600	2
0.221200	3
0.266700	7
0.247800	2
0.233000	11
0.211600	22
0.203600	35
0.233000	6
0.266700	7
0.233000	7
0.203600	20
0.221200	2
0.233000	4
0.247800	3
0.291700	6
0.247800	16
0.266700	3
0.247800	18
0.211600	2
0.247800	2
0.266700	11
0.233000	14
0.291700	7
0.247800	4
0.233000	3
0.221200	4
0.247800	9
0.451900	3
0.375500	27
0.326000	3
0.375500	13
0.326000	25
0.375500	32
0.326000	14
0.375500	5
0.291700	27
0.451900	4
0.326000	10
0.291700	6
0.172100	1
0.169500	4
0.167200	2
0.172100	1
0.169500	4
0.175100	2
0.182100	10
0.178300	27
0.182100	2
0.196900	2
0.178300	2
0.182100	5
0.178300	2
0.175100	23
0.186300	3
0.178300	5
0.182100	20
0.178300	2
0.175100	1
0.178300	8
0.182100	8
0.178300	4
0.175100	25
0.203600	4
0.211600	2
0.326000	7
0.291700	7
0.326000	23
0.582300	2
0.326000	2
0.291700	10
0.326000	6
0.375500	3
0.451900	20
0.582300	1
0.451900	23
0.375500	19
0.451900	2
0.375500	2
0.451900	8
0.582300	2
0.186300	2
0.211600	2
0.221200	9
0.247800	6
0.211600	32
0.221200	2
0.203600	4
0.191200	2
0.203600	2
0.196900	15
0.211600	2
0.451900	4
2.000000	33
1.560000	3
0.843800	4
0.451900	8
0.291700	6
0.326000	4
0.172100	13
0.178300	13
0.186300	2
0.191200	6
0.203600	12
0.196900	1
0.191200	2
0.182100	39
0.191200	2
0.186300	2
0.191200	2
0.203600	3
0.191200	12
0.178300	2
0.186300	6
0.191200	7
0.182100	27
0.178300	31
0.182100	21
0.186300	17
0.182100	42
0.175100	4
0.178300	2
0.182100	2
0.178300	39
0.175100	6
0.182100	18
0.375500	2
0.326000	4
0.291700	4
0.266700	1
0.233000	4
2.000000	2
0.247800	4
0.233000	29
0.247800	2
0.266700	2
0.247800	19
0.233000	5
2.000000	2
0.233000	31
0.266700	8
0.291700	20
2.000000	2
0.247800	76
0.233000	5
0.221200	2
2.000000	2
0.221200	25
0.247800	27
0.266700	2
0.247800	5
2.000000	2
0.247800	4
0.233000	27
0.247800	13
0.266700	7
0.247800	7
2.000000	2
0.247800	11
0.221200	19
0.247800	13
0.266700	9
0.247800	3
2.000000	2
0.221200	4
0.211600	50
0.221200	2
0.211600	7
0.221200	28
0.233000	5
0.221200	18
0.211600	5
2.000000	2
0.211600	7
0.221200	56
0.211600	11
2.000000	2
0.221200	49
0.211600	5
2.000000	2
0.211600	7
0.203600	1
0.211600	20
0.247800	7
0.266700	9
0.221200	5
0.247800	5
0.233000	2
2.000000	2
0.233000	3
0.221200	5
0.211600	2
0.203600	2
0.196900	5
2.000000	2
0.211600	30
0.203600	2
2.000000	2
0.203600	32
0.211600	2
0.247800	3
0.233000	20
0.221200	2
2.000000	2
0.266700	4
0.221200	30
0.233000	4
0.211600	16
0.203600	2
2.000000	1
0.211600	2
0.203600	18
0.191200	29
0.203600	10
2.000000	4
0.196900	14
0.211600	8
0.221200	12
0.247800	4
0.233000	9
0.203600	5
0.211600	4
0.203600	2
2.000000	1
0.191200	36
0.326000	5
2.000000	27
0.582300	31
0.186300	14
0.191200	2
0.186300	2
2.000000	2
0.186300	7
0.203600	5
0.211600	4
0.196900	16
0.178300	22
0.182100	1
0.178300	6
0.843800	3
0.178300	9
0.182100	22
0.178300	20
0.175100	1
0.172100	4
0.375500	2
0.172100	16
0.167200	2
0.169500	36
0.167200	2
0.291700	2
0.167200	1
0.169500	18
0.167200	9
0.169500	31
0.167200	2
0.291700	2
0.167200	40
0.169500	15
0.167200	1
0.291700	2
0.167200	4
0.163200	3
0.165100	2
0.169500	4
0.167200	8
0.163200	7
0.167200	6
0.172100	17
0.175100	2
0.172100	5
0.582300	2
0.172100	5
0.167200	4
0.165100	7
0.161400	16
0.165100	3
0.161400	16
0.203600	2
0.196900	4
2.000000	2
0.196900	1
0.203600	2
0.211600	53
0.203600	4
2.000000	1
0.203600	7
0.211600	50
0.203600	2
2.000000	3
0.203600	11
0.211600	2
0.221200	3
0.211600	40
0.203600	2
2.000000	2
0.203600	23
0.211600	30
0.233000	4
2.000000	2
0.211600	18
0.203600	18
0.233000	3
0.211600	20
2.000000	2
0.203600	42
0.211600	16
2.000000	2
0.203600	47
0.211600	11
2.000000	1
0.211600	56
0.196900	2
2.000000	2
0.196900	7
0.211600	53
0.203600	1
0.196900	57
2.000000	2
0.196900	47
0.203600	11
2.000000	1
0.203600	61
2.000000	1
0.203600	44
0.211600	4
0.247800	9
2.000000	2
0.247800	27
0.291700	7
0.247800	25
2.000000	2
0.247800	13
0.291700	6
0.326000	16
0.266700	2
0.247800	20
2.000000	2
0.247800	34
0.326000	2
2.000000	62
0.247800	19
2.000000	1
0.247800	19
0.233000	40
2.000000	3
0.233000	8
0.247800	3
0.233000	47
2.000000	2
0.233000	9
0.221200	4
0.233000	39
0.221200	2
0.233000	4
2.000000	2
0.247800	18
0.233000	38
2.000000	2
0.233000	59
2.000000	1
0.233000	30
0.266700	6
0.291700	7
0.247800	13
0.291700	4
0.266700	2
2.000000	2
0.266700	30
0.233000	26
2.000000	2
0.233000	58
2.000000	2
0.233000	57
2.000000	2
0.233000	22
0.266700	8
0.291700	20
0.233000	9
2.000000	2
0.233000	59
2.000000	2
0.233000	17
0.247800	5
0.266700	2
0.247800	33
2.000000	2
0.247800	2
0.233000	3
0.247800	8
0.266700	3
0.247800	33
0.266700	7
0.247800	2
2.000000	2
0.247800	58
2.000000	1
0.247800	59
2.000000	2
0.247800	1
0.266700	57
2.000000	2
0.247800	57
2.000000	2
0.247800	58
2.000000	2
0.247800	5
0.266700	20
0.247800	30
0.266700	3
2.000000	2
0.291700	4
0.266700	40
0.326000	11
0.266700	4
2.000000	2
0.291700	1
0.326000	4
2.000000	4
1.560000	9
2.000000	2
1.560000	7
0.843800	5
0.291700	27
2.000000	1
0.291700	14
0.326000	2
0.375500	4
0.451900	2
0.582300	11
0.375500	4
1.560000	2
0.843800	4
2.000000	279
0.291700	1
0.266700	2
0.326000	2
0.291700	3
0.326000	1
0.375500	6
0.451900	2
0.326000	2
0.291700	5
0.375500	3
0.451900	8
0.375500	2
2.000000	2
0.451900	6
0.326000	2
0.291700	8
0.266700	18
0.326000	5
0.375500	4
0.451900	10
0.375500	4
0.247800	2
2.000000	2
0.247800	3
0.291700	2
0.375500	2
0.451900	4
0.582300	2
1.560000	6
0.582300	10
0.375500	2
0.291700	21
0.221200	2
0.247800	4
2.000000	4
0.247800	34
0.203600	6
0.196900	4
0.203600	1
0.211600	4
0.233000	6
2.000000	4
0.247800	17
0.221200	8
0.211600	3
0.221200	23
0.233000	2
0.211600	2
0.203600	2
2.000000	2
0.203600	5
0.221200	44
0.247800	5
0.211600	4
2.000000	2
0.211600	49
0.203600	4
0.196900	3
0.211600	56
0.203600	6
2.000000	1
0.203600	10
0.211600	11
0.233000	4
0.211600	33
2.000000	2
0.203600	2
0.196900	25
0.203600	15
0.280000	16
2.000000	4
0.280000	56
2.000000	4
0.280000	50
0.843800	4
2.000000	2
0.582300	21
0.843800	9
0.582300	27
0.451900	4
2.000000	2
0.582300	41
0.451900	15
2.000000	2
0.451900	23
0.375500	6
0.843800	3
1.560000	26
0.843800	2
2.000000	1
0.843800	10
1.560000	9
0.451900	38
2.000000	2
0.451900	3
1.560000	35
2.000000	311
0.843800	11
2.000000	1
0.843800	4
2.000000	6
0.843800	47
1.560000	2
2.000000	1
1.560000	4
2.000000	42
1.560000	9
2.000000	68
1.560000	13
0.843800	25
2.000000	27
0.843800	51
2.000000	1
0.843800	11
1.560000	6
0.843800	3
2.000000	83
0.843800	7
2.000000	11
0.843800	3
1.560000	20
0.843800	14
2.000000	44
0.843800	1
1.560000	6
0.843800	21
2.000000	118
0.451900	8
0.582300	2
0.451900	2
2.000000	2
0.451900	5
0.582300	2
0.451900	29
0.582300	2
0.451900	19
2.000000	2
0.451900	6
0.843800	17
1.560000	2
0.843800	9
0.451900	24
2.000000	1
0.451900	18
0.582300	10
0.451900	31
2.000000	2
0.451900	40
0.843800	19
2.000000	1
0.843800	6
0.451900	25
2.000000	102
1.560000	6
0.375500	43
0.451900	12
0.375500	21
0.451900	24
2.000000	2
0.451900	6
0.582300	14
1.560000	19
0.843800	2
0.582300	14
0.451900	4
2.000000	2
0.451900	31
0.582300	2
0.451900	25
2.000000	1
0.451900	12
0.843800	5
2.000000	17
0.582300	7
0.843800	15
2.000000	2
0.843800	35
2.000000	63
0.843800	17
0.582300	2
2.000000	2
0.582300	11
0.451900	5
0.582300	45
2.000000	2
0.843800	7
1.560000	2
2.000000	11
1.560000	3
0.843800	64
0.582300	22
0.843800	8
2.000000	7
1.560000	11
0.843800	42
2.000000	2
0.843800	7
0.582300	26
1.560000	2
2.000000	18
1.560000	6
2.000000	1
1.560000	2
0.582300	22
0.843800	4
1.560000	9
0.582300	22
2.000000	2
0.582300	55
2.000000	2
0.582300	45
2.000000	24
1.560000	16
2.000000	24
1.560000	5
0.843800	4
2.000000	30
0.843800	32
2.000000	2
0.843800	6
0.582300	3
0.843800	6
0.582300	16
0.375500	4
0.451900	23
2.000000	76
0.843800	10
2.000000	33
0.843800	2
2.000000	4
0.843800	13
2.000000	21
1.560000	23
2.000000	1
0.843800	2
1.560000	44
0.843800	11
2.000000	2
0.843800	58
2.000000	2
0.843800	6
0.582300	26
0.843800	23
0.582300	4
2.000000	2
0.582300	29
2.000000	15
1.560000	13
2.000000	2
1.560000	21
0.582300	13
1.560000	2
2.000000	1441
2.000000	1442
2.000000	1441
2.000000	1440
2.000000	1442
2.000000	660
0.843800	6
0.451900	15
2.000000	3
0.291700	13
0.375500	15
0.451900	2
0.375500	20
0.291700	5
2.000000	2
0.291700	18
0.582300	6
0.451900	7
0.326000	2
0.291700	21
0.266700	4
2.000000	2
0.266700	2
0.233000	1
0.221200	2
0.211600	18
0.233000	17
0.291700	7
0.266700	2
0.247800	1
0.291700	4
0.247800	5
2.000000	2
0.233000	4
0.211600	1
0.233000	6
0.211600	21
0.247800	4
0.221200	3
0.451900	2
0.221200	4
0.451900	2
0.375500	11
2.000000	1
0.375500	8
0.843800	3
0.582300	9
0.451900	2
0.375500	4
0.326000	9
0.843800	24
2.000000	2
0.843800	59
2.000000	2
0.843800	16
2.000000	9
1.560000	5
0.843800	17
2.000000	4
1.560000	5
2.000000	2
1.560000	4
0.843800	1
0.326000	6
0.375500	2
0.326000	9
0.375500	29
0.451900	2
0.375500	5
2.000000	2
0.375500	2
0.451900	2
0.375500	1
0.451900	48
1.560000	2
0.843800	3
2.000000	2
0.843800	5
0.375500	8
0.451900	20
0.375500	3
0.451900	19
0.375500	3
2.000000	2
0.375500	19
0.451900	18
0.375500	9
0.451900	2
0.375500	2
0.582300	2
0.843800	4
1.560000	1
0.843800	2
2.000000	2
0.843800	11
0.582300	4
0.451900	2
0.582300	2
0.843800	1
0.582300	2
0.375500	4
0.451900	9
0.375500	8
0.451900	1
0.582300	2
0.451900	2
0.582300	8
0.451900	1
2.000000	2
1.560000	2
0.451900	6
2.000000	237
1.560000	11
2.000000	233
0.582300	6
0.451900	2
2.000000	54
1.560000	2
0.451900	5
0.582300	8
0.375500	5
0.451900	25
0.375500	6
0.843800	5
0.582300	20
0.451900	2
1.560000	4
0.843800	2
0.582300	2
0.247800	1
0.326000	2
0.291700	13
0.375500	4
0.326000	2
0.291700	2
0.266700	5
0.233000	27
0.247800	10
0.266700	1
0.291700	2
0.326000	9
0.375500	4
2.000000	2
0.326000	2
0.291700	5
0.266700	2
0.203600	3
0.211600	8
0.203600	7
0.196900	2
0.203600	3
0.221200	6
0.233000	13
0.247800	1
0.233000	4
2.000000	2
0.221200	9
0.203600	27
0.211600	12
0.221200	6
0.233000	2
0.221200	3
2.000000	2
0.233000	20
0.266700	5
0.233000	4
0.221200	13
0.233000	5
0.221200	9
0.203600	2
2.000000	2
0.203600	4
0.221200	36
0.211600	1
0.221200	6
0.211600	4
0.196900	1
0.203600	2
0.196900	4
2.000000	2
0.266700	5
0.843800	9
0.326000	2
0.203600	24
0.191200	3
0.291700	4
0.266700	2
0.326000	7
0.291700	2
2.000000	2
0.291700	7
0.375500	2
0.326000	2
0.221200	1
0.211600	2
0.191200	4
0.211600	2
0.196900	20
0.191200	16
0.186300	2
2.000000	2
0.186300	25
0.191200	2
0.196900	2
0.191200	3
0.196900	17
0.211600	3
0.221200	4
0.211600	2
0.221200	2
2.000000	2
0.196900	7
0.203600	11
0.191200	3
0.196900	6
0.211600	1
0.221200	4
0.233000	7
0.196900	11
0.203600	2
0.196900	5
2.000000	2
0.196900	38
0.203600	7
0.196900	9
0.203600	4
2.000000	2
0.191200	45
0.221200	3
0.203600	2
0.211600	2
0.203600	5
2.000000	2
0.203600	4
0.196900	7
0.186300	22
0.182100	12
0.178300	7
0.182100	4
0.178300	4
2.000000	2
0.178300	1
0.182100	6
0.186300	3
0.182100	6
0.178300	3
0.196900	2
0.203600	4
0.221200	16
0.233000	2
0.221200	5
0.211600	2
0.203600	2
0.211600	2
0.203600	3
2.000000	2
0.203600	4
0.211600	1
0.203600	2
0.196900	7
0.203600	6
0.196900	7
0.203600	11
0.196900	2
0.203600	7
0.221200	2
0.233000	2
0.247800	3
0.221200	2
0.211600	4
2.000000	2
0.233000	11
0.221200	2
0.211600	18
0.221200	24
0.211600	2
2.000000	2
0.211600	14
0.203600	25
0.221200	4
0.211600	5
0.221200	8
0.211600	2
2.000000	3
0.211600	7
0.247800	6
0.266700	14
0.247800	2
0.221200	2
0.211600	14
0.221200	11
2.000000	2
0.221200	9
0.211600	20
0.451900	2
0.375500	3
2.000000	57
1.560000	1
0.211600	21
0.221200	2
0.211600	4
2.000000	2
0.211600	4
0.326000	2
0.375500	1
2.000000	145
1.560000	8
0.843800	1
0.196900	2
0.235200	9
0.245900	4
0.235200	2
2.000000	3
0.226100	6
0.235200	3
0.226100	6
0.263500	12
0.303900	16
0.226100	6
0.258800	3
0.235200	2
0.226100	9
0.235200	11
0.226100	2
0.218300	20
0.235200	13
0.258800	5
0.245900	7
0.258800	13
0.245900	3
0.235200	2
0.226100	2
0.235200	5
0.258800	15
0.274400	9
0.245900	9
0.258800	20
0.274400	3
0.258800	9
2.000000	4
0.293700	1
0.274400	22
0.245900	8
0.226100	2
0.245900	15
0.235200	1
0.245900	4
2.000000	3
0.245900	13
0.258800	2
0.235200	3
0.245900	33
0.235200	9
2.000000	3
0.235200	11
0.226100	15
0.235200	5
0.258800	5
0.245900	10
0.349700	3
2.000000	2
1.560100	2
0.943000	2
2.000000	5
0.943000	5
0.226100	2
0.235200	29
0.211500	19
2.000000	3
0.211500	26
0.226100	1
0.235200	2
0.245900	11
0.218300	6
0.211500	7
0.205600	2
2.000000	3
0.245900	10
0.218300	7
0.235200	5
0.258800	8
0.226100	21
0.218300	8
2.000000	3
0.218300	37
0.211500	13
0.226100	9
2.000000	3
0.226100	2
0.235200	11
0.258800	2
0.235200	5
0.245900	6
0.235200	7
0.226100	11
0.218300	5
0.211500	6
0.174400	4
0.170400	2
0.172300	2
0.170400	2
0.168700	4
0.179100	2
0.188100	6
0.191800	8
0.184800	7
0.191800	2
0.195900	41
0.191800	8
0.188100	2
0.195900	7
0.188100	4
0.195900	2
0.188100	2
0.200500	2
0.205600	4
0.211500	2
0.205600	11
0.211500	2
0.205600	2
0.200500	2
0.195900	16
0.188100	9
0.195900	12
0.211500	2
0.218300	4
0.226100	1
0.218300	10
0.226100	2
0.218300	6
0.226100	13
0.211500	6
0.200500	4
0.205600	3
0.195900	16
0.211500	1
0.205600	2
0.218300	4
0.205600	4
0.211500	2
0.205600	10
0.218300	39
0.211500	7
0.218300	2
0.211500	29
0.218300	5
0.211500	6
0.245900	4
0.205600	4
0.200500	2
0.211500	1
0.205600	6
0.211500	2
0.205600	8
0.200500	21
0.195900	2
0.205600	3
0.226100	4
0.235200	4
0.226100	2
0.211500	2
0.218300	5
0.205600	2
0.258800	4
0.226100	2
0.218300	2
0.226100	1
0.218300	6
0.200500	11
0.205600	15
0.200500	13
0.205600	2
0.200500	6
0.258800	4
0.943000	3
0.681700	4
0.539600	9
0.451500	2
0.349700	19
0.226100	2
0.195900	3
0.191800	6
0.195900	2
0.191800	13
0.195900	2
0.191800	15
0.200500	28
0.205600	2
0.200500	11
0.205600	2
0.200500	13
0.191800	9
0.200500	23
0.211500	3
0.205600	2
0.211500	8
0.218300	2
0.211500	5
0.245900	6
0.235200	4
0.218300	2
0.211500	11
0.205600	5
0.195900	6
0.191800	2
0.200500	5
0.195900	8
0.205600	4
0.211500	1
0.205600	17
0.211500	9
0.205600	10
0.191800	9
0.200500	2
0.195900	1
0.191800	2
0.188100	2
0.195900	33
0.205600	15
0.211500	22
0.205600	35
0.293700	11
0.205600	4
0.195900	7
0.191800	4
0.195900	7
0.258800	6
0.274400	4
0.258800	1
0.200500	10
0.195900	2
0.200500	7
0.274400	2
0.258800	4
0.245900	3
0.200500	2
0.195900	2
0.205600	6
0.211500	1
0.218300	4
0.226100	2
0.392100	4
0.318000	7
0.211500	5
0.218300	2
0.226100	2
0.218300	50
0.205600	11
0.218300	14
0.235200	10
0.218300	22
0.211500	16
0.235200	4
0.218300	5
0.226100	32
0.245900	1
0.226100	6
0.211500	21
0.226100	7
2.000000	6
1.560100	13
0.179100	2
0.184800	2
0.179100	5
0.184800	4
0.191800	4
0.184800	30
0.181900	5
0.184800	19
0.181900	10
0.184800	7
0.191800	12
0.188100	5
0.184800	144
0.181900	20
0.205600	2
0.200500	24
0.188100	4
0.191800	30
0.184800	51
0.195900	3
0.188100	2
0.184800	38
0.188100	17
0.191800	4
0.188100	43
0.191800	16
0.205600	2
0.218300	3
0.205600	10
0.195900	9
0.191800	2
0.188100	6
0.191800	3
0.188100	8
0.191800	25
0.188100	16
0.200500	4
0.191800	11
0.188100	4
0.184800	2
0.188100	6
0.184800	18
0.195900	2
0.188100	12
0.184800	62
0.188100	2
0.191800	5
0.195900	27
0.184800	22
0.191800	4
0.184800	33
0.181900	3
0.184800	4
0.181900	4
0.184800	34
0.181900	4
0.184800	13
0.200500	6
0.188100	2
0.195900	5
0.184800	29
0.195900	5
0.191800	10
0.184800	54
0.188100	17
0.184800	72
0.300000	885
0.274000	18
0.283200	4
0.300000	2
0.293600	11
0.274000	30
0.265700	38
0.258200	98
0.274000	6
0.283200	16
0.258200	141
0.274000	10
0.300000	4
0.283200	1
0.293600	6
0.283200	15
0.265700	59
0.300000	51
0.293600	11
0.283200	5
0.293600	6
0.300000	4
0.293600	31
0.283200	13
0.251500	91
0.274000	6
0.265700	7
0.258200	2
0.251500	118
0.265700	4
0.251500	66
0.274000	13
0.251500	98
0.258200	28
0.251500	11
0.274000	2
0.258200	11
0.251500	17
0.265700	2
0.251500	2
0.274000	5
0.265700	8
0.251500	74
0.283200	2
0.274000	13
0.251500	103
0.258200	1
0.274000	4
0.265700	15
0.293600	2
0.300000	4
0.283200	2
0.293600	5
0.274000	2
0.251500	13
0.274000	4
0.265700	21
0.251500	19
0.258200	65
0.265700	46
0.300000	27
0.250000	8
0.265900	5
0.250000	47
0.257500	9
0.265900	2
0.298300	4
0.265900	13
0.300000	6
0.349700	4
0.274400	2
0.293700	13
0.318000	15
0.293700	2
0.349700	13
0.293700	4
0.318000	4
0.349700	1
0.392100	6
0.349700	2
0.392100	11
0.293700	10
0.349700	25
0.293700	11
0.318000	11
0.349700	6
0.318000	4
0.392100	5
0.451500	14
0.392100	5
0.293700	6
0.349700	11
0.318000	19
0.274400	36
0.293700	21
0.274400	4
0.318000	4
0.218300	4
0.318000	3
0.392100	2
0.211500	2
0.191800	2
0.195900	8
0.205600	4
0.195900	11
0.226100	4
0.218300	3
0.205600	6
0.200500	2
0.218300	2
0.245900	8
0.226100	7
0.218300	9
0.205600	12
0.226100	2
0.205600	39
0.218300	2
0.235200	2
0.218300	29
0.191800	1
0.195900	6
0.191800	32
0.200500	10
0.205600	9
0.211500	4
0.205600	33
0.218300	2
0.205600	15
0.218300	6
0.258800	3
0.226100	2
0.218300	6
0.245900	2
0.235200	4
0.226100	9
0.205600	5
0.218300	2
0.235200	2
0.218300	2
0.235200	2
0.274400	3
0.258800	2
0.235200	4
0.274400	2
0.235200	2
0.218300	16
0.205600	6
0.200500	40
0.195900	8
0.200500	3
0.195900	57
0.205600	4
0.195900	26
0.205600	4
0.191800	18
0.200500	8
0.211500	3
0.200500	2
0.274400	4
0.258800	9
0.235200	4
0.258800	24
0.293700	6
0.200500	11
0.191800	12
0.188100	21
0.195900	21
0.205600	3
0.188100	14
0.195900	29
0.188100	13
0.195900	19
0.191800	7
0.184800	6
0.191800	2
0.195900	11
0.205600	4
0.195900	5
0.191800	2
0.188100	17
0.200500	6
0.195900	56
0.218300	4
0.200500	3
0.211500	2
0.200500	4
0.191800	2
0.188100	21
0.184800	20
0.188100	2
0.200500	2
0.218300	2
0.211500	4
0.200500	18
0.195900	21
0.200500	21
0.205600	3
0.200500	42
0.205600	5
0.218300	53
0.200500	11
0.205600	66
0.200500	2
0.191800	3
0.195900	10
0.205600	20
0.226100	6
0.218300	7
0.205600	17
0.200500	20
0.211500	6
0.218300	17
0.200500	16
0.218300	2
0.205600	17
0.218300	6
0.211500	7
0.200500	6
0.218300	3
0.200500	81
0.211500	5
0.218300	9
0.235200	27
0.218300	13
0.293700	3
0.943000	22
2.000000	2
0.235200	2
0.392100	4
2.000000	22
0.392100	2
0.681700	2
0.392100	2
0.539600	7
0.451500	15
0.293700	2
0.318000	2
0.451500	2
0.392100	22
0.349700	2
0.293700	2
0.349700	16
0.539600	2
0.681700	8
0.293700	15
0.392100	1
0.293700	2
0.392100	4
0.318000	2
0.293700	44
0.318000	28
0.349700	9
0.318000	4
0.349700	6
0.392100	18
0.318000	6
0.349700	16
1.560100	53
0.681700	2
