0.439800	7
0.482700	8
0.850100	5
0.482700	9
0.439800	2
0.409400	5
0.439800	11
0.409400	2
0.482700	12
0.439800	13
0.409400	2
0.387000	2
0.482700	2
0.439800	3
0.482700	8
0.439800	1
0.387000	15
0.547200	2
0.482700	2
0.652900	11
0.547200	1
0.409400	6
0.439800	2
0.387000	4
0.652900	1
0.482700	4
0.547200	4
0.482700	1
0.547200	4
0.409400	7
0.387000	2
0.369800	11
0.482700	7
0.409400	9
0.387000	1
0.409400	2
0.387000	4
0.409400	2
0.387000	16
0.439800	3
0.387000	8
0.409400	1
0.387000	4
0.409400	2
0.439800	2
0.652900	5
0.482700	3
0.439800	7
0.409400	8
0.439800	12
0.409400	4
0.439800	7
0.369800	7
0.356200	4
0.369800	2
0.387000	11
0.369800	1
0.356200	40
0.369800	2
0.356200	2
0.439800	2
0.409400	2
0.439800	2
0.482700	9
0.409400	2
0.356200	11
0.369800	14
0.356200	22
0.369800	3
0.439800	10
0.409400	5
0.356200	9
0.465900	32
0.495500	8
0.500000	2
0.495500	3
0.465900	11
0.442400	16
0.500000	14
0.495500	2
0.442400	4
0.465900	2
0.495500	1
0.465900	6
0.495500	5
0.442400	4
0.465900	16
0.500000	10
0.547200	4
0.409400	1
0.387000	7
0.345300	4
0.356200	9
0.387000	4
0.345300	15
0.356200	16
0.345300	4
0.356200	2
0.369800	11
0.387000	10
0.369800	13
0.387000	13
0.369800	22
0.439800	1
0.482700	11
0.409400	4
0.439800	2
0.387000	14
0.369800	4
0.387000	13
0.369800	10
0.409400	2
0.439800	9
0.482700	2
0.439800	3
0.387000	4
0.369800	13
0.409400	12
0.387000	2
0.356200	2
0.369800	12
0.387000	4
0.369800	7
0.356200	4
0.439800	5
0.409400	3
0.439800	8
0.369800	9
0.356200	1
0.409400	4
0.369800	11
0.356200	5
0.369800	6
0.439800	5
0.387000	9
0.356200	12
0.409400	5
0.439800	11
0.409400	2
0.356200	2
0.369800	9
0.387000	3
0.369800	7
0.356200	6
0.345300	8
0.356200	15
0.345300	19
0.356200	2
0.369800	10
0.356200	2
0.345300	23
0.356200	10
0.387000	2
0.369800	1
0.345300	11
0.356200	5
0.369800	7
0.356200	3
0.409400	13
0.439800	6
0.651900	4
0.750900	7
0.903700	14
0.750900	2
0.903700	10
0.750900	24
0.903700	2
1.164600	12
1.687600	2
1.164600	2
1.687600	2
3.510000	26
1.687600	2
1.164600	10
1.687600	2
3.120000	7
1.687600	3
3.120000	2
1.687600	11
1.164600	1
1.687600	4
3.120000	8
1.687600	6
1.164600	4
1.687600	5
3.120000	7
1.687600	4
1.164600	24
1.687600	12
1.164600	18
1.687600	13
1.164600	17
1.687600	5
3.120000	7
1.687600	7
1.164600	15
1.687600	6
0.903700	17
1.164600	2
1.687600	5
1.164600	7
0.903700	1
0.750900	48
0.903700	5
1.687600	7
1.164600	7
0.750900	3
0.583300	2
0.651900	1
0.583300	6
0.750900	7
0.651900	3
0.750900	3
0.651900	11
0.583300	3
0.651900	9
0.903700	5
0.750900	2
0.903700	9
0.583300	14
0.651900	15
0.583300	2
0.651900	2
0.903700	3
1.164600	2
0.750900	5
0.903700	2
0.750900	4
0.651900	15
0.583300	2
0.651900	14
0.583300	5
0.495500	4
0.465900	7
0.495500	7
0.533300	12
0.495500	17
0.651900	4
0.583300	2
0.651900	7
0.495500	1
0.465900	2
0.442400	2
0.423100	4
0.442400	1
0.465900	7
0.442400	8
0.407200	1
0.372600	2
0.382400	14
0.372600	28
0.382400	14
0.372600	13
0.382400	29
0.423100	4
0.407200	2
0.651900	1
0.750900	9
0.583300	2
0.533300	2
0.495500	3
0.533300	16
0.495500	16
0.382400	9
0.393800	6
0.465900	4
0.442400	3
0.465900	2
0.442400	7
0.393800	9
0.382400	2
0.423100	14
0.382400	15
0.393800	1
0.465900	2
0.407200	7
0.393800	8
0.382400	3
0.393800	13
0.382400	21
0.393800	4
0.407200	1
0.442400	8
0.423100	3
0.407200	2
0.393800	2
0.382400	31
0.393800	13
0.407200	3
0.393800	9
0.382400	11
0.393800	3
0.442400	11
0.423100	3
0.407200	2
0.423100	15
0.465900	2
0.442400	1
0.465900	11
0.442400	2
0.382400	3
0.372600	8
0.393800	2
0.372600	7
0.382400	14
0.372600	13
0.382400	10
0.372600	14
0.382400	4
0.423100	3
0.393800	9
0.382400	1
0.372600	2
0.382400	16
0.372600	2
0.382400	1
0.393800	9
0.382400	3
0.372600	45
0.382400	23
0.423100	1
0.393800	2
0.382400	4
0.393800	3
0.382400	10
0.372600	18
0.382400	12
0.372600	5
0.382400	15
0.372600	4
0.382400	21
0.423100	3
0.442400	4
0.423100	2
0.495500	3
0.533300	2
0.465900	2
0.442400	9
0.495500	2
0.423100	3
0.442400	8
0.465900	5
0.442400	20
0.465900	2
0.495500	9
0.465900	3
0.583300	2
0.533300	20
0.583300	14
0.651900	2
0.533300	2
0.583300	6
0.651900	7
0.583300	3
0.651900	2
0.583300	15
0.533300	1
0.583300	13
0.533300	4
0.583300	19
0.651900	7
0.583300	2
0.651900	4
0.533300	9
0.903700	4
0.750900	13
0.533300	5
0.583300	9
0.903700	4
0.750900	11
0.651900	14
0.583300	2
0.651900	16
0.583300	4
0.651900	16
0.750900	6
0.651900	9
0.583300	38
0.651900	3
0.750900	6
0.651900	3
0.583300	2
0.533300	2
0.583300	7
0.750900	2
0.583300	7
0.533300	19
0.583300	13
0.651900	1
0.583300	11
0.533300	9
0.583300	35
0.651900	3
0.750900	12
0.583300	4
0.651900	7
0.750900	5
0.651900	21
0.750900	2
0.583300	9
0.651900	3
0.583300	10
0.533300	40
0.583300	7
0.750900	6
1.164600	1
0.903700	6
0.651900	3
0.750900	5
0.651900	4
0.903700	3
0.750900	4
0.651900	7
0.583300	12
0.651900	9
0.750900	7
0.651900	3
0.750900	2
0.651900	10
0.583300	4
0.651900	17
0.583300	2
0.651900	3
0.465900	7
0.533300	3
0.423100	2
0.442400	2
0.465900	8
0.533300	2
0.442400	5
0.465900	25
0.533300	1
0.583300	16
0.533300	2
0.583300	12
0.750900	14
0.533300	3
0.583300	14
0.750900	4
0.533300	3
0.442400	9
0.465900	6
0.495500	7
0.465900	13
0.442400	12
0.423100	5
0.442400	7
0.533300	1
0.495500	7
0.465900	2
0.495500	4
0.442400	8
0.423100	5
0.442400	16
0.423100	19
0.442400	7
0.465900	7
0.442400	5
0.465900	2
0.442400	12
0.423100	2
0.442400	16
0.423100	17
0.442400	2
0.465900	10
0.442400	6
0.423100	1
0.495500	2
0.533300	2
0.465900	12
0.442400	15
0.423100	3
0.442400	8
0.750900	5
0.495500	2
0.465900	4
0.442400	2
0.465900	4
0.442400	2
0.423100	7
0.442400	15
0.423100	4
0.442400	11
0.583300	2
0.533300	2
0.583300	2
0.465900	7
0.442400	4
0.423100	28
0.465900	2
0.423100	16
0.442400	2
0.533300	9
0.495500	7
0.423100	14
0.442400	13
0.423100	15
0.442400	11
0.423100	12
0.442400	14
0.423100	4
0.442400	14
0.423100	5
0.442400	10
0.423100	5
0.442400	14
0.423100	4
0.442400	26
0.465900	4
0.533300	5
0.442400	3
0.423100	30
0.442400	15
0.423100	4
0.442400	12
0.423100	38
0.442400	11
0.465900	5
0.442400	5
0.423100	3
0.750900	4
0.651900	14
0.495500	12
0.583300	2
0.651900	3
0.750900	2
0.651900	5
0.750900	2
0.583300	2
0.651900	3
0.533300	2
0.750900	3
0.651900	4
0.583300	7
0.651900	1
0.533300	12
0.495500	2
0.533300	2
0.750900	14
0.651900	1
0.495500	9
0.533300	16
0.651900	2
0.533300	7
0.495500	20
0.651900	14
0.750900	2
0.533300	9
0.651900	1
0.583300	9
0.651900	4
0.533300	10
0.651900	2
0.583300	3
0.533300	12
0.495500	9
0.533300	5
0.750900	6
0.495500	1
0.533300	9
0.651900	2
0.750900	3
0.651900	2
0.750900	2
0.583300	7
0.533300	1
0.465900	11
0.495500	10
0.533300	2
0.495500	3
0.533300	9
0.495500	2
0.465900	5
0.442400	16
0.465900	3
0.495500	2
0.465900	9
0.583300	3
0.533300	2
0.495500	5
0.533300	4
0.495500	1
0.465900	7
0.583300	2
0.495500	5
0.533300	11
0.442400	19
0.465900	3
0.583300	6
0.533300	1
0.583300	4
0.533300	2
0.583300	1
0.651900	2
0.750900	2
0.651900	1
0.495500	2
0.533300	2
0.495500	5
0.465900	9
0.442400	31
0.495500	12
0.442400	23
0.465900	12
0.442400	13
0.465900	10
0.750900	1
0.533300	2
0.495500	9
0.465900	4
0.442400	11
0.533300	14
0.651900	2
0.495500	7
0.583300	5
0.495500	7
0.465900	4
0.442400	19
0.465900	7
0.583300	5
0.442400	2
0.393800	4
0.407200	7
0.423100	7
0.407200	3
0.423100	2
0.407200	12
0.393800	4
0.407200	12
0.328900	2
0.322600	2
0.328900	10
0.336400	2
0.328900	3
0.369800	4
0.387000	9
0.439800	1
0.387000	2
0.345300	2
0.328900	21
0.336400	5
0.387000	5
0.345300	2
0.336400	4
0.345300	15
0.336400	4
0.345300	1
0.336400	9
0.387000	2
0.369800	1
0.356200	2
0.369800	7
0.387000	5
0.336400	2
0.328900	4
0.356200	1
0.328900	9
0.345300	4
0.356200	1
0.369800	9
0.345300	2
0.336400	3
0.328900	7
0.336400	11
0.345300	3
0.336400	25
0.345300	12
0.336400	5
0.345300	10
0.387000	4
0.356200	3
0.369800	9
0.345300	7
0.336400	9
0.409400	1
0.369800	6
0.387000	3
0.409400	3
0.387000	2
0.369800	9
0.439800	1
0.409400	4
0.369800	2
0.409400	8
0.345300	2
0.336400	20
0.345300	12
0.336400	6
0.345300	16
0.336400	3
0.345300	13
0.336400	8
0.345300	13
0.336400	1
0.369800	2
0.356200	12
0.345300	2
0.336400	29
0.356200	2
0.369800	3
0.345300	2
0.356200	7
0.345300	7
0.336400	21
0.345300	15
0.336400	5
0.345300	10
0.336400	12
0.345300	16
0.336400	32
0.328900	6
0.336400	10
0.369800	2
0.356200	3
0.369800	9
0.336400	7
0.328900	13
0.336400	12
0.328900	21
0.369800	5
0.356200	2
0.345300	2
0.356200	5
0.336400	9
0.328900	3
0.336400	13
0.328900	2
0.336400	17
0.328900	4
0.336400	1
0.369800	2
0.345300	6
0.356200	5
0.345300	2
0.369800	1
0.345300	7
0.356200	6
0.345300	1
0.336400	4
0.345300	2
0.336400	3
0.369800	7
0.356200	4
0.369800	14
0.439800	2
0.409400	1
0.369800	13
0.356200	3
0.369800	2
0.387000	10
0.369800	4
0.356200	20
0.369800	14
0.356200	6
0.369800	5
0.387000	7
0.369800	3
0.387000	2
0.369800	13
0.356200	21
0.409400	12
0.482700	2
0.547200	2
0.409400	10
0.356200	8
0.369800	4
0.439800	3
0.369800	5
0.387000	2
0.369800	4
0.409400	3
0.369800	19
0.387000	12
0.369800	36
0.387000	12
0.409400	2
0.387000	10
0.369800	2
0.439800	7
0.369800	29
0.387000	10
0.409400	29
0.387000	7
0.369800	5
0.482700	5
0.387000	4
0.369800	8
0.356200	2
0.369800	7
0.387000	7
0.369800	6
0.356200	4
0.369800	10
0.439800	2
0.482700	1
0.439800	2
0.409400	2
0.387000	2
0.409400	5
0.387000	1
0.356200	11
0.369800	12
0.345300	5
0.369800	7
0.345300	7
0.387000	12
0.409400	4
0.356200	14
0.369800	12
0.356200	3
0.345300	21
0.356200	11
0.387000	3
0.409400	4
0.439800	1
0.409400	4
0.439800	1
0.387000	2
0.409400	9
0.387000	2
0.369800	1
0.387000	14
0.409400	2
0.387000	3
0.356200	9
0.345300	6
0.322600	12
0.328900	3
0.336400	7
0.328900	7
0.322600	14
0.356200	4
0.345300	12
0.322600	9
0.328900	3
0.336400	10
0.356200	2
0.369800	14
0.345300	2
0.328900	3
0.336400	14
0.328900	2
0.322600	2
0.328900	5
0.356200	2
0.336400	3
0.345300	4
0.336400	7
0.328900	3
0.345300	11
0.356200	5
0.328900	10
0.322600	4
0.336400	3
0.328900	11
0.322600	3
0.345300	7
0.356200	2
0.369800	5
0.336400	19
0.369800	4
0.345300	7
0.336400	3
0.345300	2
0.336400	24
0.328900	11
0.356200	14
0.369800	1
0.336400	14
0.328900	4
0.336400	3
0.345300	7
0.356200	3
0.345300	2
0.336400	19
0.345300	14
0.336400	13
0.345300	2
0.356200	6
0.369800	1
0.439800	5
0.409400	7
0.387000	4
0.356200	1
0.387000	4
0.356200	10
0.345300	19
0.356200	4
0.369800	12
0.345300	3
0.356200	14
0.345300	31
0.356200	7
0.369800	3
0.356200	12
0.345300	3
0.356200	9
0.369800	3
0.356200	21
0.345300	1
0.356200	11
0.345300	6
0.356200	15
0.345300	20
0.356200	9
0.369800	5
0.356200	5
0.345300	3
0.387000	4
0.369800	5
0.345300	22
0.356200	4
0.387000	8
0.369800	4
0.409400	2
0.369800	8
0.356200	6
0.345300	3
0.356200	12
0.345300	2
0.387000	2
0.409400	3
0.387000	9
0.356200	4
0.345300	8
0.356200	4
0.369800	22
0.356200	4
0.369800	7
0.439800	5
0.409400	2
0.439800	2
0.482700	3
0.439800	2
0.369800	9
0.387000	1
0.369800	4
0.387000	7
0.369800	3
0.439800	2
0.409400	2
0.482700	1
0.547200	16
0.482700	3
0.547200	12
0.482700	9
0.547200	12
0.482700	18
0.547200	16
0.482700	14
0.547200	12
0.482700	5
0.547200	7
0.652900	1
1.312700	2
0.850100	9
0.652900	3
0.850100	2
0.652900	3
1.312700	5
3.120100	6
1.312700	3
0.652900	14
0.547200	36
0.652900	5
1.312700	4
3.120100	2
0.850100	1
1.312700	2
0.850100	2
0.652900	3
0.850100	5
0.652900	4
0.547200	3
0.482700	5
0.652900	2
0.850100	14
0.652900	1
0.482700	2
0.547200	12
0.482700	2
0.850100	2
1.312700	2
3.120100	3
0.850100	7
0.652900	4
0.547200	7
0.652900	3
0.850100	26
1.312700	9
3.120100	5
1.312700	7
0.850100	14
1.312700	14
0.850100	23
3.120100	5
1.312700	7
0.850100	13
3.120100	1
0.850100	6
1.312700	1
3.120100	111
0.850100	2
0.482700	5
0.750900	27
0.651900	16
0.750900	15
0.651900	4
0.750900	12
0.495500	3
0.533300	18
0.583300	13
0.533300	3
0.750900	5
0.583300	11
0.533300	3
0.583300	14
0.533300	7
0.495500	16
0.533300	14
0.495500	2
0.533300	2
0.583300	14
0.533300	19
0.583300	9
0.533300	5
0.750900	2
0.651900	3
0.583300	11
0.495500	3
0.465900	2
0.423100	7
0.583300	9
0.495500	7
0.533300	3
0.495500	7
0.533300	19
0.583300	14
0.533300	12
0.583300	4
0.533300	10
0.750900	4
0.533300	24
0.583300	1
0.533300	5
0.583300	9
0.651900	2
0.533300	19
0.495500	3
0.533300	2
0.583300	5
1.164600	3
1.687600	4
0.903700	9
0.583300	3
0.903700	6
0.750900	2
0.651900	7
0.533300	13
0.583300	13
0.533300	8
0.583300	13
0.651900	5
0.750900	11
3.120000	3
1.164600	13
0.903700	2
0.651900	12
0.583300	13
0.651900	4
0.583300	2
0.750900	14
1.164600	1
0.583300	6
0.651900	12
0.583300	22
0.651900	2
0.750900	3
0.651900	7
0.583300	4
0.651900	15
0.583300	37
0.651900	2
0.750900	1
0.651900	11
0.583300	28
1.164600	5
0.903700	11
0.583300	12
0.651900	13
0.583300	4
0.651900	15
0.583300	20
0.651900	9
0.903700	5
0.750900	5
0.903700	2
1.164600	2
0.903700	2
0.750900	10
0.651900	15
0.583300	16
0.903700	3
0.583300	2
0.903700	12
1.164600	4
1.687600	14
1.164600	21
1.687600	13
1.164600	4
1.687600	15
1.164600	3
1.687600	10
3.120000	3
1.687600	4
3.120000	15
1.687600	20
3.120000	14
1.687600	4
3.120000	13
1.687600	21
3.510000	7
3.120000	8
1.687600	6
3.510000	11
3.120000	7
1.164600	6
3.510000	17
1.164600	20
3.510000	15
3.120000	6
1.687600	1
3.120000	4
3.510000	11
3.120000	2
3.510000	4
3.120000	12
1.687600	2
3.120000	2
3.510000	138
3.120000	5
3.510000	13
3.120000	3
3.510000	88
3.120000	2
1.164600	1
0.903700	34
1.687600	7
0.903700	3
1.164600	4
0.903700	1
1.164600	4
0.651900	10
0.583300	21
0.651900	13
0.583300	3
0.651900	5
0.583300	11
0.533300	2
0.583300	7
0.533300	1
0.583300	9
0.651900	16
0.583300	19
0.651900	16
0.583300	2
0.651900	2
0.750900	5
0.651900	5
0.583300	23
0.651900	14
0.750900	3
0.903700	11
0.651900	3
0.583300	29
1.164600	3
0.651900	2
0.750900	7
1.164600	2
3.510000	3
0.903700	2
3.510000	2
1.164600	24
1.687600	12
3.120000	2
1.687600	2
1.164600	19
1.687600	14
1.164600	3
1.687600	16
1.164600	58
3.120000	4
3.510000	13
3.120000	1
1.164600	191
1.687600	1
3.510000	11
3.120000	2
1.164600	1
0.651900	4
0.903700	3
0.750900	13
0.651900	36
0.583300	7
0.750900	13
1.164600	5
0.903700	17
0.750900	29
0.903700	5
0.750900	5
1.164600	5
1.687600	11
0.750900	28
1.687600	37
3.510000	547
3.120000	14
1.687600	1
1.164600	20
0.903700	10
1.164600	2
1.687600	2
0.750900	5
0.903700	5
0.651900	11
0.583300	1
0.651900	66
0.750900	2
0.651900	21
0.750900	6
0.651900	33
0.750900	2
0.651900	1
0.583300	21
0.533300	4
0.583300	2
0.533300	3
0.583300	29
0.903700	1
0.651900	14
0.583300	33
0.651900	4
0.583300	7
0.750900	3
0.583300	2
0.750900	3
3.120000	14
0.583300	77
0.750900	2
0.903700	41
0.583300	31
0.750900	16
0.583300	5
0.750900	2
0.903700	5
3.120000	10
0.903700	3
0.583300	11
0.533300	3
0.583300	27
0.533300	3
0.583300	3
0.651900	9
0.583300	24
0.651900	28
0.750900	2
0.903700	3
0.750900	13
0.651900	1
0.750900	11
0.903700	3
0.750900	2
0.651900	2
0.583300	24
0.903700	5
0.583300	2
0.651900	2
0.583300	19
0.903700	5
0.750900	9
1.164600	2
0.750900	12
0.651900	1
0.583300	2
0.903700	5
0.651900	9
0.750900	2
0.583300	9
0.903700	1
1.164600	4
1.687600	10
1.164600	2
0.583300	36
0.651900	2
0.583300	13
0.903700	29
1.164600	2
1.687600	5
1.164600	2
0.903700	2
1.687600	4
1.164600	4
1.687600	3
1.164600	2
1.687600	2
1.164600	2
0.903700	20
1.164600	1
1.687600	2
1.164600	4
3.120000	11
0.903700	20
1.687600	16
0.903700	85
0.750900	14
0.903700	4
0.750900	14
0.903700	2
1.164600	2
0.903700	3
1.164600	8
0.903700	1
1.164600	2
1.687600	8
0.903700	44
1.164600	7
0.903700	8
1.687600	1
3.120000	4
3.510000	26
1.687600	3
3.120000	2
1.687600	4
3.120000	7
1.687600	21
0.750900	20
1.164600	7
1.687600	4
1.164600	18
3.120000	6
1.164600	9
0.903700	2
0.750900	36
3.120000	3
1.687600	6
3.120000	2
1.687600	5
3.120000	2
1.687600	2
0.903700	2
1.687600	5
3.510000	2
1.687600	4
1.164600	1
1.687600	2
3.510000	13
1.687600	2
3.510000	16
1.164600	17
3.510000	3
3.120000	2
1.687600	18
3.510000	2
1.687600	5
3.510000	18
1.687600	2
1.164600	2
0.903700	2
0.750900	7
0.651900	49
0.903700	15
0.651900	22
0.903700	3
1.687600	15
0.903700	30
1.687600	4
0.903700	29
3.120000	5
1.164600	11
0.903700	11
0.495500	24
0.583300	9
1.164600	4
0.903700	12
0.750900	2
0.651900	6
0.495500	3
0.903700	4
0.651900	2
0.750900	23
0.533300	4
0.750900	5
0.495500	8
0.583300	1
0.533300	11
0.651900	4
0.903700	2
1.164600	24
0.903700	9
1.687600	8
1.164600	2
0.903700	6
0.651900	2
0.903700	10
0.651900	22
0.750900	4
0.651900	4
0.495500	2
0.465900	8
0.583300	14
0.903700	6
0.651900	9
0.583300	20
0.750900	4
0.903700	6
1.687600	4
0.903700	5
0.750900	2
0.583300	34
0.903700	17
0.583300	17
0.903700	2
0.651900	14
0.583300	44
0.651900	17
0.583300	24
0.903700	15
0.583300	26
0.750900	13
0.583300	46
0.903700	3
0.750900	11
0.583300	17
0.903700	3
1.164600	12
0.903700	31
0.750900	52
0.903700	18
0.750900	4
1.164600	9
1.687600	18
0.750900	32
1.687600	25
3.510000	43
3.120000	25
3.510000	10
3.120000	11
3.510000	76
1.687600	3
3.120000	11
1.164600	6
1.687600	5
3.120000	7
1.687600	2
3.120000	7
3.510000	72
1.687600	2
3.120000	31
1.687600	6
1.164600	5
1.687600	40
1.164600	21
1.687600	7
3.120000	8
1.687600	3
3.510000	9
3.120000	5
1.687600	13
3.120000	3
3.510000	4
1.687600	4
3.120000	1
1.687600	2
0.750900	16
0.651900	4
0.750900	14
1.687600	4
0.903700	14
0.750900	110
1.687600	4
0.903700	54
3.120000	2
1.687600	3
0.903700	13
0.750900	22
0.903700	7
1.687600	9
1.164600	6
0.750900	23
1.687600	3
0.750900	12
0.651900	16
1.164600	6
0.651900	11
1.164600	1
0.750900	13
0.651900	53
1.164600	16
0.651900	61
0.750900	16
0.651900	4
0.750900	20
1.164600	3
0.903700	13
0.750900	9
0.903700	4
1.164600	9
0.750900	21
0.903700	13
0.750900	7
0.903700	6
1.687600	3
3.510000	5
1.687600	2
1.164600	2
0.903700	2
0.750900	31
0.651900	2
0.583300	3
0.750900	6
0.903700	9
0.583300	4
0.750900	14
0.651900	2
0.583300	7
0.750900	14
0.583300	62
0.533300	7
0.903700	16
0.750900	4
0.903700	17
0.750900	16
0.651900	39
1.164600	9
1.687600	3
0.750900	9
0.651900	110
0.583300	2
0.651900	14
0.583300	8
0.750900	7
0.583300	6
0.903700	3
3.120000	4
1.164600	10
0.651900	189
1.164600	10
0.651900	51
1.164600	10
0.651900	59
0.583300	47
0.903700	1
0.651900	4
0.583300	5
0.651900	3
0.750900	2
0.533300	54
0.495500	19
0.651900	2
0.533300	14
0.495500	17
0.465900	2
0.495500	14
0.465900	3
0.495500	2
0.533300	8
0.583300	4
0.533300	3
0.583300	5
0.533300	62
0.651900	9
0.583300	1
0.533300	11
0.651900	9
0.583300	1
0.533300	71
0.699300	139
0.790000	11
0.699300	62
0.903700	11
0.651900	1
0.533300	9
0.750900	6
0.533300	7
0.442400	10
0.465900	6
0.495500	2
0.533300	5
0.651900	9
0.495500	7
0.465900	9
0.495500	5
0.583300	7
0.533300	2
0.465900	4
0.533300	7
0.699300	2
0.533300	1
0.587300	13
0.548700	7
0.587300	13
0.548700	7
0.587300	12
0.548700	4
0.587300	2
0.636000	16
0.587300	30
0.636000	5
0.699300	11
0.587300	6
0.636000	3
0.699300	7
0.636000	7
0.587300	8
0.700000	62
0.700200	18
0.750900	4
0.700200	74
0.750900	9
0.700200	1
0.700000	2
0.700200	87
0.700000	2
0.583300	1
0.700000	7
0.700200	6
0.700000	1
0.651900	2
0.700000	2
0.700200	5
0.700000	2
0.651900	1
0.700000	193
0.700200	10
0.700000	2
0.583300	2
0.700000	139
0.587300	38
0.699300	4
0.587300	72
0.548700	47
0.636000	3
0.700000	2
0.636000	5
0.587300	7
0.517500	13
0.503100	3
0.517500	25
0.548700	66
0.700000	1
0.699300	9
0.700000	14
0.699300	4
0.636000	3
0.548700	26
0.699300	17
0.548700	41
0.636000	11
0.587300	2
0.548700	38
0.700000	14
0.699300	2
0.636000	4
0.503100	326
0.547200	7
0.503100	4
0.850100	13
0.547200	66
0.503100	34
0.547200	3
0.503100	54
0.547200	62
0.850100	12
0.547200	2
0.652900	32
0.850100	12
1.312700	13
3.120100	15
1.312700	43
3.120100	10
1.312700	4
3.120100	190
1.312700	16
0.850100	34
1.312700	9
3.120100	8
0.850100	9
0.503100	115
0.850100	6
0.503100	67
0.850100	4
1.312700	2
3.120100	11
0.503100	7
0.652900	4
0.503100	4
0.850100	3
0.652900	9
0.503100	41
0.652900	3
0.503100	4
0.850100	7
0.503100	6
3.120100	7
1.312700	2
0.850100	6
0.503100	9
0.652900	5
0.547200	2
0.850100	10
0.547200	5
0.503100	51
0.547200	16
0.503100	11
0.547200	11
0.503100	24
0.547200	8
0.503100	44
1.312700	16
3.120100	12
1.312700	11
3.120100	10
0.850100	78
3.120100	11
0.850100	124
3.120100	11
0.850100	21
3.120100	979
1.312700	4
3.120100	14
0.503100	735
0.547200	3
0.652900	4
0.503100	77
0.850100	4
0.652900	11
0.503100	7
0.652900	8
0.503100	9
1.312700	6
0.547200	2
0.503100	20
0.850100	13
0.652900	2
0.503100	7
0.850100	13
0.652900	4
0.503100	4
0.652900	20
0.503100	366
0.547200	4
0.503100	563
0.652900	10
0.503100	17
0.850100	3
0.503100	6
0.547200	6
0.503100	21
0.652900	9
0.850100	4
0.652900	2
0.503100	60
0.850100	4
0.547200	2
0.503100	11
0.547200	4
0.503100	42
3.120100	13
0.850100	78
3.120100	14
1.312700	1
3.120100	6
1.312700	10
0.850100	6
0.547200	2
0.503100	13
0.547200	4
3.120100	2
0.850100	6
1.312700	8
3.120100	2
0.652900	6
0.547200	2
0.503100	10
0.547200	3
0.652900	14
0.547200	2
0.652900	15
0.547200	4
0.652900	63
1.312700	13
0.850100	2
0.652900	64
3.120100	10
0.652900	5
0.547200	15
1.312700	39
0.652900	2
0.547200	20
0.850100	10
0.652900	5
0.503100	25
0.547200	56
0.652900	4
0.547200	42
1.312700	6
0.652900	9
0.547200	21
0.850100	4
1.312700	6
0.850100	5
0.547200	36
0.503100	51
0.850100	4
0.652900	34
0.850100	3
0.652900	14
0.503100	158
1.312700	4
0.850100	11
0.652900	2
0.503100	13
0.652900	15
0.503100	31
0.850100	6
0.652900	9
0.547200	2
1.312700	2
0.850100	4
0.652900	8
0.547200	1
0.503100	10
0.652900	17
0.503100	24
0.850100	4
0.652900	4
1.312700	2
0.850100	3
1.312700	2
0.652900	9
0.503100	27
0.547200	5
0.482700	2
0.547200	4
0.482700	13
0.850100	2
0.652900	8
1.312700	5
0.652900	2
0.547200	7
0.482700	8
0.850100	15
0.482700	11
3.120100	144
0.850100	33
0.652900	2
0.482700	20
1.312700	5
0.547200	11
0.482700	31
1.312700	4
0.547200	13
0.482700	3
0.547200	21
0.652900	2
3.120100	14
1.312700	2
0.850100	12
3.120100	24
0.850100	35
0.652900	8
0.547200	34
3.120100	5
1.312700	12
0.547200	37
0.503100	28
0.547200	10
0.850100	11
0.652900	6
0.547200	17
0.652900	4
3.120100	4
1.312700	11
0.547200	6
0.503100	4
0.547200	3
0.503100	461
0.652900	3
0.547200	2
0.503100	630
0.495500	3
0.465900	4
0.495500	13
0.465900	3
0.495500	17
0.465900	56
0.356200	58
0.439800	6
0.369800	11
0.356200	4
0.387000	5
0.439800	8
0.387000	7
0.369800	2
0.356200	8
0.409400	11
0.439800	4
0.409400	1
0.356200	78
0.409400	3
0.387000	19
0.439800	5
0.409400	2
0.387000	7
0.356200	48
0.439800	4
0.409400	13
0.439800	2
0.409400	1
0.336400	4
0.328900	69
0.369800	4
0.356200	13
0.328900	3
0.356200	4
0.345300	11
0.328900	7
0.356200	11
0.328900	4
0.369800	6
0.336400	5
0.328900	6
0.322600	78
0.328900	13
0.322600	2
0.328900	15
0.322600	3
0.328900	4
0.356200	2
0.336400	13
0.328900	17
0.345300	8
0.336400	9
0.387000	2
0.345300	11
0.336400	43
0.387000	2
0.369800	10
0.345300	2
0.336400	48
0.369800	3
0.345300	13
0.336400	5
0.369800	5
0.356200	2
0.387000	6
0.409400	4
0.369800	5
0.336400	199
0.369800	2
0.345300	16
0.369800	2
0.336400	4
0.356200	8
0.345300	2
0.336400	14
0.345300	43
0.356200	2
0.369800	12
0.345300	4
0.336400	12
0.369800	2
0.336400	2
0.345300	3
0.356200	6
0.409400	90
0.503100	2
0.409400	84
0.439800	4
0.482700	10
0.439800	2
0.409400	6
0.439800	2
0.482700	12
0.409400	36
0.387000	122
0.369800	27
0.439800	19
0.369800	6
0.439800	4
0.387000	11
0.369800	37
0.439800	6
0.409400	10
0.369800	7
0.356200	20
0.369800	15
0.356200	43
0.409400	14
0.356200	4
0.345300	6
0.356200	19
0.409400	6
0.356200	10
0.345300	2
0.328900	1
0.387000	4
0.409400	10
0.356200	2
0.328900	2
0.345300	4
0.387000	4
0.345300	42
0.387000	4
0.345300	33
0.387000	2
0.369800	6
0.387000	10
0.345300	4
0.387000	2
0.345300	59
0.369800	6
0.345300	101
0.356200	4
0.439800	9
0.409400	6
0.387000	2
0.356200	27
0.387000	14
0.356200	12
0.409400	6
0.387000	4
0.356200	55
0.387000	9
0.409400	4
0.482700	2
0.409400	8
0.356200	58
0.387000	5
0.409400	10
0.369800	4
0.387000	10
0.356200	126
0.409400	2
0.369800	1
0.409400	2
0.439800	10
0.409400	3
0.345300	19
0.387000	3
0.369800	2
0.439800	4
0.387000	5
0.369800	8
0.356200	29
0.409400	4
0.356200	42
0.409400	59
0.439800	4
0.482700	7
0.652900	5
0.482700	30
0.652900	9
0.547200	2
0.482700	5
0.850100	15
0.547200	33
0.652900	25
3.120100	11
0.652900	18
0.850100	4
3.120100	11
1.312700	3
0.547200	13
0.503100	20
0.850100	16
0.503100	22
0.547200	35
0.850100	3
0.547200	15
0.652900	7
0.547200	4
0.652900	2
1.312700	67
3.120100	5
1.312700	29
0.850100	17
0.547200	25
0.850100	31
1.312700	20
0.547200	7
0.503100	12
3.120100	44
0.850100	7
0.503100	16
0.547200	7
0.503100	38
0.547200	4
0.503100	3
0.547200	4
0.850100	7
0.652900	4
0.503100	211
0.587300	9
0.600000	6
0.587300	19
0.600000	66
0.503100	156
0.345300	22
0.356200	2
0.345300	4
0.356200	7
0.409400	2
0.356200	54
0.409400	7
0.356200	16
0.369800	49
0.409400	13
0.387000	2
0.369800	42
0.482700	7
0.387000	4
0.409400	5
0.387000	2
0.369800	11
0.439800	57
0.547200	3
0.652900	4
1.312700	6
0.652900	2
1.312700	7
0.547200	4
0.850100	2
0.482700	3
0.439800	10
0.482700	5
0.652900	6
0.547200	9
0.850100	9
1.312700	26
0.850100	2
0.652900	17
3.120100	35
1.312700	2
0.850100	22
3.120100	67
0.850100	11
3.120100	13
0.850100	2
1.312700	13
0.547200	10
0.652900	5
0.850100	10
0.652900	4
0.547200	2
0.650000	16
0.652900	16
0.547200	4
0.652900	9
0.750000	15
0.651900	4
0.750000	13
0.850100	4
1.312700	2
3.120100	9
0.750000	19
1.312700	9
0.850100	2
0.750000	18
0.482700	16
0.547200	7
0.652900	49
0.439800	27
0.409400	13
0.439800	6
0.547200	4
0.850100	4
0.547200	3
0.409400	4
0.356200	21
0.387000	4
0.356200	31
0.387000	13
0.356200	6
0.345300	11
0.356200	2
0.409400	2
0.356200	35
0.345300	4
0.336400	18
0.356200	6
0.345300	4
0.356200	1
0.345300	4
0.387000	2
0.409400	8
0.387000	4
0.369800	2
0.345300	18
0.356200	18
0.439800	4
0.409400	15
0.387000	3
0.356200	19
0.409400	3
0.387000	6
0.369800	5
0.345300	8
0.356200	13
0.345300	4
0.409400	3
0.387000	4
0.409400	2
0.439800	7
0.369800	2
0.356200	11
0.369800	85
0.345300	2
0.356200	13
0.439800	2
0.409400	4
0.285800	8
0.288800	3
0.285800	12
0.282200	11
0.285800	3
0.282200	4
0.280300	21
0.279400	3
0.280300	73
0.281200	15
0.280300	4
0.281200	18
0.284500	8
0.281200	43
0.284500	8
0.285800	13
0.287300	14
0.285800	13
0.290500	2
0.285800	43
0.503100	14
0.490600	3
0.348800	2
0.369600	2
0.292300	2
0.288800	2
0.290500	2
0.292300	9
0.285800	2
0.284500	13
0.287300	2
0.285800	6
0.290500	2
0.292300	1
0.285800	4
0.287300	4
0.290500	19
0.287300	51
0.288800	17
0.294300	4
0.292300	10
0.288800	2
0.296600	6
0.290500	10
0.288800	4
0.294300	2
0.292300	3
0.294300	10
0.290500	16
0.294300	5
0.296600	4
0.290500	2
0.296600	2
0.299100	2
0.308600	11
0.292300	1
0.299100	26
0.503100	9
0.299100	10
0.503100	9
0.441700	2
0.322600	4
0.503100	10
0.322600	8
0.345300	5
0.369800	2
0.387000	2
0.439800	6
0.503100	2
0.439800	39
0.652900	4
0.482700	10
0.439800	4
1.312700	2
3.120100	2
0.652900	7
0.439800	4
0.409400	13
0.439800	10
0.503100	9
0.439800	2
0.409400	40
0.336400	25
0.345300	4
0.369800	53
0.356200	29
0.387000	6
0.369800	2
0.356200	7
0.328900	17
0.322600	30
0.356200	4
0.345300	11
0.328900	2
0.345300	2
0.322600	2
0.312600	8
0.308600	4
0.305000	61
0.308600	14
0.317200	2
0.322600	19
0.308600	15
0.312600	13
0.308600	1
0.312600	31
0.308600	13
0.322600	4
0.312600	12
0.322600	4
0.503100	9
0.328900	2
0.312600	16
0.317200	59
0.312600	2
0.317200	20
0.312600	2
0.308600	2
0.305000	12
0.301900	63
0.299100	22
0.312600	8
0.308600	9
0.299100	15
0.308600	5
0.301900	9
0.305000	15
0.299100	29
0.312600	2
0.301900	15
0.299100	14
0.301900	44
0.299100	11
0.301900	32
0.312600	1
0.301900	24
0.503100	2
0.301900	18
0.312600	15
0.308600	2
0.503100	2
0.308600	2
0.301900	24
0.503100	9
0.317200	2
0.503100	6
0.485700	5
0.308600	2
0.301900	24
0.503100	2
0.301900	11
0.317200	2
0.322600	3
0.312600	4
0.322600	7
0.308600	2
0.301900	11
0.305000	6
0.317200	15
0.503100	1
0.317200	2
0.503100	2
0.317200	45
0.328900	13
0.317200	24
0.503100	6
0.485700	3
0.308600	2
0.312600	23
0.336400	6
0.503100	7
0.312600	2
0.317200	8
0.336400	1
0.356200	6
0.336400	2
0.345300	5
0.322600	4
0.317200	10
0.336400	4
0.322600	9
0.503100	9
0.407200	4
0.328900	4
0.345300	2
0.328900	10
0.317200	16
0.336400	6
0.322600	4
0.503100	1
0.322600	4
0.317200	4
0.322600	29
0.317200	7
0.322600	4
0.317200	35
0.322600	5
0.317200	20
0.345300	2
0.322600	15
0.317200	5
0.503100	2
0.317200	25
0.312600	17
0.317200	32
0.312600	2
0.317200	4
0.336400	2
0.328900	3
0.336400	2
0.328900	9
0.336400	4
0.328900	1
0.356200	9
0.345300	6
0.322600	9
0.328900	13
0.356200	5
0.345300	7
0.356200	2
0.336400	2
0.328900	17
0.345300	5
0.356200	4
0.345300	3
0.328900	6
0.369800	5
0.356200	12
0.328900	5
0.336400	34
0.328900	1
0.317200	27
0.312600	20
0.328900	5
0.317200	9
0.312600	50
0.322600	6
0.317200	10
0.308600	99
0.312600	5
0.308600	18
0.322600	5
0.308600	62
0.503100	7
0.485700	5
0.308600	14
0.322600	14
0.308600	2
0.312600	9
0.308600	4
0.312600	3
0.308600	9
0.305000	8
0.308600	10
0.305000	4
0.308600	23
0.503100	76
0.312600	8
0.308600	1
0.322600	8
0.317200	1
0.308600	29
0.312600	14
0.308600	41
0.503100	9
0.308600	26
0.312600	11
0.308600	10
0.312600	15
0.308600	33
0.503100	9
0.308600	13
0.322600	9
0.317200	2
0.308600	62
0.322600	33
0.328900	43
0.336400	6
0.328900	3
0.345300	13
0.328900	2
0.322600	5
0.503100	20
0.491800	11
0.322600	2
0.328900	8
0.407200	3
0.465900	8
0.407200	2
0.495500	3
0.503100	2
0.495500	4
0.407200	18
0.328900	4
0.345300	7
0.356200	4
0.336400	27
0.328900	9
0.336400	43
0.356200	5
0.345300	4
0.336400	3
0.328900	2
0.322600	9
0.336400	9
0.322600	29
0.503100	11
0.470300	5
0.503100	11
0.470300	14
0.452100	12
0.436500	11
0.423000	11
0.503100	7
0.336400	34
0.345300	6
0.336400	14
0.356200	11
0.336400	7
0.400000	148
0.382400	29
0.400000	12
0.382400	40
0.400000	12
0.382400	22
0.400000	9
0.382400	2
0.364100	2
0.372600	12
0.364100	22
0.372600	51
0.382400	15
0.372600	39
0.503100	3
0.312600	92
0.503100	10
0.312600	21
0.317200	15
0.312600	116
0.322600	11
0.312600	11
0.317200	12
0.312600	60
0.328900	9
0.312600	8
0.322600	9
0.312600	20
0.308600	2
0.317200	4
0.312600	9
0.308600	22
0.312600	98
0.336400	11
0.328900	70
0.400000	74
0.503100	3
0.328900	79
0.356200	2
0.503100	9
0.491800	4
0.503100	14
0.491800	23
0.503100	5
0.491800	8
0.503100	3
0.356200	4
0.345300	2
0.336400	7
0.328900	79
0.356200	7
0.345300	2
0.328900	14
0.322600	28
0.345300	6
0.387000	7
0.345300	2
0.336400	1
0.322600	16
0.393800	20
0.407200	9
0.393800	13
0.322600	13
0.336400	9
0.322600	25
0.345300	10
0.322600	32
0.336400	11
0.322600	9
0.317200	2
0.308600	24
0.364100	14
0.356600	79
0.364100	11
0.308600	4
0.305000	44
0.317200	11
0.305000	37
0.312600	9
0.305000	10
0.308600	7
0.305000	62
0.308600	14
0.305000	15
0.312600	12
0.305000	25
0.503100	2
0.305000	76
0.308600	5
0.305000	73
0.312600	9
0.305000	13
0.317200	9
0.305000	18
0.317200	10
0.308600	2
0.317200	4
0.328900	5
0.312600	7
0.305000	6
0.308600	10
0.305000	15
0.317200	9
0.305000	30
0.317200	11
0.312600	2
0.305000	13
0.503100	9
0.305000	34
0.308600	7
0.305000	40
0.503100	9
0.317200	45
0.322600	13
0.317200	2
0.328900	1
0.336400	10
0.328900	1
0.322600	4
0.317200	76
0.322600	4
0.317200	3
0.322600	27
0.328900	11
0.322600	33
0.328900	7
0.322600	201
0.317200	14
0.322600	10
0.317200	36
0.336400	12
0.317200	63
0.328900	5
0.322600	2
0.317200	22
0.322600	15
0.317200	15
0.312600	2
0.305000	76
0.312600	9
0.322600	4
0.312600	7
0.305000	121
0.328900	15
0.305000	29
0.308600	9
0.305000	181
0.308600	10
0.305000	62
0.317200	3
0.322600	9
0.328900	2
0.322600	4
0.345300	5
0.328900	2
0.322600	3
0.308600	96
0.322600	13
0.308600	43
0.317200	14
0.308600	65
0.322600	7
0.328900	4
0.312600	11
0.308600	2
0.322600	41
0.328900	11
0.317200	27
0.336400	8
0.317200	36
0.312600	37
0.322600	33
0.317200	2
0.328900	5
0.336400	8
0.317200	4
0.312600	9
0.308600	3
0.317200	15
0.308600	2
0.312600	13
0.317200	2
0.312600	9
0.308600	38
0.312600	12
0.308600	14
0.312600	43
0.322600	7
0.312600	18
0.317200	38
0.312600	43
0.317200	23
0.322600	2
0.328900	11
0.336400	3
0.345300	55
0.328900	2
0.322600	17
0.336400	7
0.328900	2
0.322600	33
0.312600	2
0.308600	19
0.305000	75
0.308600	13
0.305000	23
0.308600	6
0.322600	8
0.317200	7
0.469100	68
0.504700	4
0.552800	3
0.504700	4
0.469100	27
0.485700	13
0.504700	9
0.485700	38
0.552800	12
0.485700	9
0.504700	4
0.583700	9
0.552800	4
0.485700	5
0.552800	11
0.504700	2
0.485700	4
0.504700	8
0.485700	16
0.503100	2
0.485700	2
0.503100	2
0.485700	9
0.504700	15
0.485700	23
0.504700	9
0.552800	10
0.504700	31
0.485700	55
0.504700	5
0.552800	6
0.526900	2
0.504700	2
0.485700	13
0.504700	13
0.485700	27
0.469100	9
0.526900	9
0.504700	2
0.469100	11
0.504700	4
0.372600	2
0.356600	2
0.364100	4
0.356600	13
0.364100	15
0.356600	14
0.372600	10
0.356600	17
0.382400	8
0.452100	3
0.436500	2
0.411200	54
0.452100	11
0.382400	2
0.452100	35
0.491800	11
0.470300	2
0.452100	18
0.517500	7
0.548700	2
0.491800	2
0.470300	13
0.699300	36
0.784100	4
0.902900	21
1.363400	2
1.500000	8
1.363400	2
1.079100	14
1.363400	2
1.687600	3
3.120000	8
0.903700	17
1.164600	58
1.687600	51
0.903700	15
0.750900	5
0.583300	45
0.533300	9
0.651900	2
0.533300	2
0.651900	4
0.533300	64
0.495500	24
0.903700	11
0.750900	4
1.164600	7
0.903700	2
0.750900	16
0.903700	4
0.750900	13
0.583300	35
0.533300	8
0.583300	2
0.651900	4
0.750900	4
1.164600	7
0.652900	4
0.547200	9
0.850100	4
0.439800	1
0.547200	2
0.439800	6
0.387000	1
0.369800	20
0.387000	2
0.369800	16
0.547200	7
0.439800	2
0.387000	2
0.345300	42
0.336400	9
0.345300	11
0.308600	50
0.305000	16
0.301900	59
0.305000	1
0.301900	4
0.305000	19
0.308600	18
0.364100	23
0.356600	2
0.364100	12
0.372600	3
0.382400	7
0.364100	9
0.356600	2
0.364100	4
0.372600	7
0.356600	5
0.364100	19
0.382400	6
0.372600	3
0.364100	9
0.423000	25
0.436500	50
0.503100	13
0.436500	8
0.372600	13
0.407200	9
0.442400	2
0.407200	9
0.423100	1
0.382400	13
0.372600	5
0.382400	9
0.393800	5
0.503100	47
0.442400	5
0.533300	7
0.583300	4
0.495500	2
0.442400	3
0.465900	6
0.442400	1
0.465900	4
0.495500	9
0.442400	16
0.503100	41
0.491800	11
0.407200	5
0.423100	4
0.407200	5
0.423100	9
0.465900	9
0.533300	2
0.465900	2
0.423100	42
0.465900	11
0.495500	2
0.533300	7
0.495500	29
0.465900	3
0.495500	6
0.465900	46
0.583300	11
0.651900	2
0.495500	2
0.533300	1
0.583300	8
0.651900	7
0.750900	25
0.651900	5
0.750900	13
0.903700	10
0.750900	11
0.583300	7
0.533300	15
0.495500	1
0.533300	11
0.583300	52
0.651900	4
0.583300	2
0.651900	5
0.465900	11
0.495500	7
0.465900	11
0.442400	7
0.423100	3
0.442400	2
0.423100	2
0.442400	11
0.465900	2
0.393800	3
0.407200	40
0.423100	37
0.442400	4
0.393800	10
0.442400	7
0.465900	4
0.407200	11
0.393800	34
0.442400	12
0.393800	12
0.470300	36
0.491800	3
0.470300	9
0.436500	2
0.452100	7
0.436500	2
0.423000	16
0.411200	5
0.452100	6
0.436500	2
0.400900	8
0.470300	4
0.491800	17
0.470300	2
0.436500	3
0.452100	4
0.517500	9
0.491800	5
0.436500	34
0.491800	2
0.517500	2
0.452100	9
0.436500	9
0.372600	66
0.382400	3
0.372600	7
0.393800	11
0.372600	16
0.364100	2
0.372600	11
0.382400	7
0.393800	4
0.382400	5
0.372600	40
0.407200	9
0.372600	28
0.364100	6
0.372600	10
0.364100	48
0.372600	4
0.364100	32
0.372600	9
0.382400	2
0.312600	52
0.372600	14
0.465900	9
0.503100	9
0.436500	8
0.372600	14
0.393800	3
0.423100	6
0.393800	3
0.382400	2
0.372600	12
0.364100	6
0.372600	3
0.382400	4
0.317200	7
0.308600	5
0.312600	4
0.308600	5
0.299100	14
0.301900	7
0.305000	16
0.301900	18
0.305000	16
0.301900	11
0.305000	5
0.312600	7
0.308600	2
0.305000	4
0.312600	4
0.308600	5
0.305000	2
0.299100	12
0.296600	13
0.299100	15
0.296600	4
0.299100	12
0.296600	13
0.299100	21
0.305000	2
0.308600	6
0.301900	3
0.305000	4
0.312600	8
0.308600	1
0.301900	17
0.317200	7
0.322600	48
0.312600	6
0.317200	3
0.336400	15
0.317200	9
0.299100	11
0.301900	11
0.299100	6
0.296600	3
0.299100	11
0.305000	4
0.308600	7
0.322600	11
0.356200	4
0.328900	12
0.336400	17
0.345300	15
0.356200	3
0.336400	4
0.356200	3
0.387000	8
0.409400	2
0.336400	1
0.328900	10
0.336400	1
0.328900	4
0.322600	2
0.312600	2
0.317200	10
0.308600	4
0.305000	2
0.301900	1
0.299100	2
0.305000	4
0.301900	5
0.322600	5
0.328900	4
0.322600	1
0.328900	2
0.336400	4
0.322600	7
0.317200	32
0.312600	3
0.345300	13
0.336400	16
0.345300	11
0.369800	6
0.387000	5
0.369800	3
0.356200	28
0.369800	10
0.409400	4
0.387000	4
0.409400	3
0.369800	2
0.345300	14
0.336400	33
0.328900	13
0.345300	10
0.336400	5
0.308600	5
0.305000	14
0.301900	2
0.305000	2
0.308600	11
0.305000	7
0.301900	3
0.305000	51
0.308600	14
0.312600	3
0.308600	27
0.305000	7
0.301900	26
0.305000	3
0.301900	12
0.305000	39
0.301900	80
0.305000	2
0.312600	10
0.305000	2
0.308600	5
0.305000	18
0.301900	99
0.308600	11
0.301900	7
0.305000	10
0.301900	40
0.305000	11
0.301900	2
0.305000	2
0.301900	12
0.299100	4
0.301900	12
0.299100	4
0.301900	7
0.305000	12
0.301900	89
0.299100	14
0.301900	5
0.308600	12
0.299100	9
0.308600	4
0.305000	5
0.301900	2
0.299100	9
0.301900	19
0.299100	29
0.305000	11
0.299100	46
0.301900	3
0.299100	7
0.301900	2
0.308600	14
0.299100	9
0.305000	9
0.299100	14
0.296600	27
0.299100	32
0.301900	3
0.299100	2
0.296600	5
0.299100	4
0.296600	10
0.299100	11
0.301900	2
0.308600	14
0.301900	1
0.299100	18
0.301900	4
0.305000	3
0.328900	8
0.322600	2
0.312600	2
0.301900	20
0.299100	13
0.301900	4
0.299100	2
0.301900	2
0.305000	2
0.308600	3
0.305000	2
0.301900	2
0.308600	4
0.305000	2
0.301900	17
0.308600	9
0.305000	4
0.308600	13
0.317200	9
0.336400	2
0.317200	11
0.305000	2
0.330000	1060
0.345300	4
0.308600	7
0.299100	78
0.296600	66
0.305000	51
0.317200	7
0.308600	2
0.305000	94
0.317200	10
0.305000	16
0.308600	11
0.305000	2
0.312600	9
0.308600	1
0.305000	110
0.308600	2
0.312600	9
0.308600	4
0.305000	3
0.308600	34
0.312600	3
0.317200	7
0.312600	7
0.322600	2
0.317200	5
0.312600	2
0.308600	69
0.322600	13
0.308600	48
0.317200	10
0.308600	50
0.312600	9
0.308600	13
0.312600	31
0.301900	2
0.312600	12
0.301900	63
0.308600	11
0.299100	19
0.305000	11
0.299100	14
0.308600	11
0.301900	2
0.299100	50
0.296600	4
0.299100	16
0.296600	124
0.301900	11
0.296600	9
0.299100	14
0.301900	4
0.299100	9
0.296600	29
0.299100	44
0.308600	5
0.364100	9
0.356600	2
0.344200	20
0.299100	11
0.301900	10
0.299100	146
0.308600	11
0.299100	10
0.503100	83
0.301900	3
0.299100	2
0.301900	35
0.312600	62
0.503100	293
0.322600	9
0.312600	33
0.317200	3
0.322600	9
0.317200	2
0.312600	7
0.308600	7
0.328900	27
0.336400	8
0.328900	4
0.322600	12
0.328900	14
0.322600	13
0.328900	15
0.336400	11
0.328900	65
0.336400	4
0.409400	14
0.328900	2
0.336400	21
0.317200	3
0.328900	4
0.322600	12
0.317200	47
0.312600	12
0.328900	2
0.322600	14
0.317200	30
0.328900	4
0.336400	10
0.322600	2
0.317200	19
0.382400	6
0.393800	1
0.407200	13
0.382400	13
0.526900	26
0.695600	5
0.526900	50
0.552800	5
0.583700	11
0.552800	32
0.526900	11
0.504700	35
0.485700	4
0.526900	11
0.552800	2
0.504700	30
0.552800	2
0.526900	4
0.552800	7
0.504700	1
0.552800	6
0.504700	3
0.552800	6
0.620800	7
0.722900	2
0.583700	3
0.526900	6
0.504700	11
0.583700	9
0.795400	4
0.722900	1
0.666200	2
0.620800	4
0.583700	2
0.504700	3
0.485700	2
0.552800	4
0.583700	3
0.526900	9
0.485700	9
0.526900	8
0.583700	4
0.526900	2
0.666200	3
0.795400	2
0.890900	2
0.722900	2
0.666200	1
0.552800	6
0.526900	2
0.552800	3
0.526900	7
0.504700	2
0.485700	4
0.620800	3
0.526900	11
0.504700	2
0.526900	14
0.504700	50
0.583700	6
0.504700	9
0.485700	11
0.552800	5
0.504700	9
0.485700	51
0.526900	13
0.504700	2
0.485700	45
0.504700	2
0.583700	13
0.795400	7
1.021600	11
0.795400	9
0.722900	4
0.795400	2
1.210100	13
0.795400	22
0.890900	11
0.795400	23
0.583700	7
0.552800	9
0.583700	47
0.666200	2
0.795400	27
0.722900	11
0.583700	2
0.620800	3
0.583700	18
0.526900	7
0.666200	2
0.526900	4
0.620800	1
0.666200	7
0.620800	2
0.526900	7
0.504700	9
0.485700	19
0.552800	1
0.583700	6
0.552800	13
0.666200	4
0.583700	4
0.620800	5
0.583700	4
0.620800	19
0.583700	7
0.722900	4
0.583700	28
0.620800	2
0.735000	26
0.890900	19
0.795400	5
0.979400	6
0.795400	2
0.890900	30
0.795400	2
0.517500	7
0.423100	9
0.495500	6
0.442400	9
0.423100	17
0.407200	4
0.393800	13
0.407200	2
0.495500	29
0.533300	2
0.651900	15
0.583300	2
0.495500	20
0.407200	8
0.393800	5
0.364100	11
0.350100	2
0.372600	6
0.382400	9
0.356600	2
0.393800	3
0.356600	13
0.350100	8
0.344200	24
0.350100	20
0.356600	2
0.382400	2
0.372600	31
0.382400	2
0.393800	6
0.372600	11
0.423100	2
0.382400	14
0.372600	15
0.364100	2
0.356600	17
0.350100	3
0.356600	6
0.382400	9
0.372600	4
0.393800	1
0.364100	2
0.350100	13
0.356600	7
0.350100	13
0.356600	4
0.350100	7
0.356600	11
0.350100	31
0.400000	122
0.503100	4
0.364100	2
0.503100	13
0.411200	2
0.356600	2
0.411200	6
0.470300	6
0.423000	11
0.411200	7
0.436500	2
0.491800	5
0.407200	4
0.423100	2
0.393800	2
0.407200	3
0.372600	2
0.393800	2
0.407200	9
0.442400	2
0.423100	4
0.393800	8
0.382400	2
0.372600	2
0.436500	11
0.470300	7
0.452100	5
0.423000	2
0.436500	6
0.503100	12
0.436500	47
0.372600	27
0.423100	4
0.407200	2
0.423100	2
0.465900	9
0.407200	5
0.372600	40
0.364100	7
0.503100	2
0.372600	22
0.364100	18
0.503100	12
0.364100	4
0.372600	2
0.393800	5
0.372600	13
0.407200	4
0.503100	1
0.423100	9
0.407200	15
0.503100	13
0.423100	13
0.503100	11
0.423100	19
0.503100	2
0.423100	1
0.442400	19
0.495500	4
0.503100	2
0.495500	2
0.533300	7
0.495500	4
0.465900	4
0.495500	4
0.533300	5
0.583300	4
0.651900	13
0.903700	10
0.750900	2
0.651900	24
0.670000	51
0.903700	77
0.750900	11
0.903700	1
3.120000	12
1.164600	20
0.583300	13
0.750900	6
1.164600	5
3.510000	6
1.687600	2
1.164600	5
0.651900	4
0.583300	39
0.533300	20
0.495500	7
0.465900	11
0.442400	5
0.423100	2
0.407200	2
0.393800	4
0.407200	7
0.423100	13
0.495500	3
0.465900	11
0.423100	9
0.407200	34
0.442400	2
0.423100	9
0.407200	4
0.393800	2
0.423100	2
0.495500	1
0.533300	2
0.651900	2
0.583300	9
0.533300	11
0.465900	1
0.442400	8
0.465900	14
0.407200	29
0.393800	5
0.442400	4
0.393800	5
0.423100	4
0.442400	2
0.393800	9
0.364100	18
0.350100	2
0.393800	11
0.423100	1
0.364100	4
0.423100	7
0.442400	2
0.423100	4
0.407200	1
0.364100	2
0.465900	6
0.393800	20
0.382400	4
0.423100	5
0.407200	4
0.393800	2
0.350100	3
0.344200	2
0.339000	8
0.344200	7
0.350100	13
0.344200	3
0.350100	33
0.364100	7
0.356600	4
0.364100	13
0.356600	22
0.350100	4
0.356600	7
0.364100	7
0.328900	2
0.322600	2
0.317200	4
0.308600	9
0.299100	33
0.308600	2
0.312600	3
0.301900	4
0.312600	11
0.308600	6
0.301900	6
0.312600	9
0.345300	5
0.328900	4
0.356200	2
0.336400	2
0.328900	7
0.322600	4
0.317200	6
0.322600	79
0.317200	15
0.312600	9
0.317200	6
0.336400	4
0.356200	3
0.328900	4
0.336400	46
0.369800	7
0.387000	4
0.439800	1
0.387000	10
0.369800	1
0.345300	21
0.369800	5
0.387000	4
0.409400	5
0.387000	2
0.356200	4
0.345300	5
0.369800	6
0.345300	5
0.369800	4
0.345300	3
0.369800	8
0.345300	9
0.328900	5
0.345300	17
0.369800	13
0.345300	9
0.387000	14
0.409400	17
0.387000	19
0.409400	5
0.439800	11
0.387000	8
0.503100	7
0.387000	7
0.482700	17
0.547200	7
0.439800	4
0.409400	32
0.387000	5
0.409400	15
0.482700	3
0.547200	11
0.482700	2
0.439800	4
0.409400	11
0.439800	18
0.409400	4
0.387000	19
0.439800	9
0.547200	51
0.652900	3
0.547200	2
0.652900	2
0.850100	15
0.652900	6
0.850100	13
0.482700	2
0.547200	5
0.850100	10
1.312700	3
3.120100	4
0.850100	6
0.652900	1
0.482700	2
0.409400	9
0.439800	2
0.547200	6
0.652900	3
0.482700	2
0.652900	2
0.850100	9
0.547200	24
0.482700	2
0.652900	19
0.547200	1
0.439800	4
0.652900	6
0.850100	1
1.312700	2
0.850100	6
0.652900	2
0.482700	1
0.409400	8
0.439800	2
0.547200	20
0.439800	10
0.409400	1
0.547200	6
0.439800	9
0.409400	2
0.369800	4
0.439800	2
0.482700	5
0.387000	9
0.356200	6
0.345300	14
0.336400	4
0.356200	13
0.439800	2
0.482700	3
0.387000	2
0.369800	7
0.356200	31
0.387000	3
0.356200	8
0.345300	21
0.322600	2
0.345300	2
0.336400	4
0.345300	1
0.356200	8
0.336400	14
0.356200	9
0.345300	5
0.336400	8
0.328900	1
0.317200	2
0.322600	4
0.317200	19
0.336400	2
0.322600	3
0.328900	7
0.345300	11
0.336400	5
0.328900	6
0.317200	7
0.322600	18
0.356200	5
0.345300	2
0.356200	9
0.328900	7
0.322600	4
0.328900	9
0.336400	14
0.328900	13
0.322600	3
0.328900	14
0.322600	2
0.328900	24
0.345300	10
0.336400	2
0.356200	2
0.345300	16
0.322600	3
0.317200	24
0.322600	16
0.328900	9
0.322600	42
0.328900	9
0.336400	23
0.369800	5
0.356200	9
0.336400	2
0.356200	3
0.336400	6
0.407200	33
0.423100	11
0.407200	47
0.393800	9
0.407200	24
0.393800	11
0.407200	14
0.465900	4
0.407200	2
0.442400	7
0.423100	9
0.393800	26
0.407200	15
0.465900	5
0.442400	7
0.503100	2
0.393800	2
0.442400	1
0.407200	4
0.423100	2
0.495500	9
0.423100	12
0.442400	31
0.423100	11
0.442400	5
0.345300	46
0.356200	4
0.369800	7
0.356200	7
0.369800	2
0.356200	9
0.345300	13
0.356200	42
0.409400	2
0.547200	1
0.652900	6
0.439800	16
0.409400	11
0.439800	21
0.482700	7
0.652900	15
0.547200	3
0.652900	72
1.312700	11
0.652900	29
0.547200	2
0.850100	2
0.652900	34
0.439800	17
0.547200	9
0.409400	5
0.547200	9
0.409400	20
0.387000	7
0.369800	5
0.387000	14
0.409400	32
0.387000	2
0.369800	9
0.356200	16
0.369800	7
0.356200	1
0.369800	6
0.439800	3
0.409400	11
0.369800	9
0.356200	2
0.439800	1
0.387000	6
0.369800	2
0.356200	7
0.345300	3
0.336400	4
0.345300	2
0.482700	4
0.369800	12
0.387000	2
0.356200	7
0.369800	4
0.387000	15
0.369800	7
0.356200	9
0.369800	44
0.439800	4
0.409400	2
0.356200	2
0.369800	2
0.387000	11
0.369800	9
0.387000	7
0.409400	2
0.652900	18
0.850100	5
0.547200	2
0.439800	11
0.850100	3
0.652900	7
0.482700	2
0.439800	2
0.409400	2
0.336400	18
0.328900	2
0.356200	4
0.369800	20
0.356200	2
0.409400	3
0.356200	4
0.345300	7
0.336400	2
0.328900	2
0.369800	5
0.387000	2
0.409400	4
0.482700	3
0.387000	2
0.345300	11
0.387000	5
0.356200	2
0.345300	6
0.336400	3
0.328900	6
0.407200	3
0.423100	6
0.442400	16
0.423100	4
0.442400	12
0.465900	6
0.393800	2
0.382400	9
0.423100	3
0.372600	11
0.356600	9
0.350100	14
0.344200	20
0.350100	21
0.356600	6
0.350100	25
0.356600	12
0.350100	6
0.372600	16
0.350100	11
0.344200	4
0.350100	3
0.344200	22
0.350100	4
0.344200	8
0.364100	1
0.344200	2
0.350100	4
0.356600	10
0.350100	15
0.495500	4
0.442400	19
0.465900	8
0.495500	5
0.465900	4
0.533300	13
0.465900	8
0.533300	2
0.495500	9
0.465900	6
0.442400	18
0.423100	13
0.407200	5
0.423100	49
0.465900	5
0.423100	9
0.465900	13
0.423100	8
0.533300	3
0.495500	20
0.442400	3
0.533300	4
0.495500	14
0.465900	15
0.533300	4
0.495500	10
0.442400	28
0.465900	4
0.423100	3
0.442400	12
0.423100	11
0.407200	30
0.423100	18
0.495500	8
0.533300	6
0.495500	1
0.442400	10
0.533300	2
0.495500	5
0.903700	11
1.000000	2
0.750900	23
0.439800	3
0.482700	4
0.439800	13
0.652900	4
0.547200	3
0.850100	4
0.652900	4
0.850100	2
0.652900	2
0.547200	11
0.482700	14
0.439800	2
0.409400	2
0.439800	2
0.482700	9
0.547200	6
0.652900	3
1.312700	11
0.547200	11
0.850100	10
3.120100	14
1.312700	6
3.120100	40
1.312700	2
3.120100	8
1.312700	1
0.850100	26
0.652900	24
0.547200	3
0.482700	6
0.547200	18
0.850100	6
0.652900	5
1.312700	4
0.547200	35
1.312700	16
0.547200	12
0.387000	40
0.409400	5
0.439800	40
0.409400	24
0.387000	14
0.409400	35
0.439800	1
0.482700	2
0.547200	11
0.439800	3
0.409400	32
0.356200	15
0.345300	4
0.356200	14
0.345300	3
0.356200	4
0.369800	3
0.356200	2
0.336400	5
0.328900	27
0.322600	11
0.356200	3
0.328900	2
0.336400	10
0.328900	17
0.322600	6
0.336400	19
0.345300	58
0.336400	8
0.345300	10
0.409400	4
0.387000	4
0.409400	8
0.356200	19
0.345300	3
0.356200	7
0.345300	12
0.356200	34
0.409400	3
0.369800	12
0.356200	7
0.345300	26
0.312600	3
0.308600	31
0.336400	1
0.345300	2
0.328900	9
0.336400	5
0.317200	5
0.322600	40
0.328900	11
0.322600	1
0.328900	9
0.356200	9
0.387000	6
0.369800	4
0.356200	5
0.345300	2
0.322600	1
0.345300	4
0.336400	2
0.317200	3
0.322600	16
0.356200	5
0.345300	12
0.322600	6
0.328900	15
0.322600	19
0.328900	53
0.583700	2
0.328900	3
0.583700	4
1.268300	2
0.552800	1
0.849700	14
0.322600	28
0.356200	1
0.328900	9
0.583700	3
0.920200	2
0.552800	2
0.849700	3
1.268300	7
0.849700	5
0.552800	5
0.322600	54
0.345300	4
0.322600	13
0.336400	14
0.322600	35
0.336400	1
0.345300	91
0.336400	18
0.328900	9
0.336400	25
0.328900	5
0.356200	2
0.369800	4
0.336400	8
0.328900	50
0.369800	5
0.336400	15
0.345300	2
0.369800	2
0.356200	12
0.336400	3
0.328900	21
0.336400	14
0.345300	19
0.356200	3
0.369800	2
0.387000	1
0.369800	2
0.345300	2
0.369800	3
0.795400	6
0.620800	8
0.920200	4
0.583700	3
0.666200	5
0.722900	9
0.620800	3
0.583700	19
0.620800	12
0.583700	1
0.328900	21
0.583700	34
0.328900	5
0.336400	2
0.345300	10
0.666200	6
0.795400	2
0.666200	17
0.442400	10
0.423100	5
0.465900	2
0.423100	7
0.407200	28
0.423100	7
0.336400	2
0.322600	15
0.328900	12
0.322600	12
0.356200	3
0.328900	12
0.322600	4
0.317200	3
0.322600	26
0.308600	8
0.312600	38
0.308600	35
0.322600	4
0.308600	1
0.305000	16
0.356600	34
0.350100	1
0.454500	4
0.469100	17
0.454500	35
0.469100	14
0.350100	27
0.454500	49
0.469100	26
0.411200	5
0.356600	39
0.382400	4
0.364100	12
0.372600	3
0.407200	2
0.393800	5
0.364100	2
0.308600	4
0.305000	12
0.317200	3
0.312600	11
0.305000	24
0.308600	24
0.322600	13
0.308600	12
0.317200	2
0.308600	5
0.317200	24
0.328900	35
0.369800	5
0.336400	5
0.345300	3
0.356200	4
0.345300	6
0.328900	16
0.356200	16
0.328900	14
0.336400	52
0.328900	2
0.336400	2
0.328900	2
0.356200	12
0.387000	1
0.369800	2
0.465900	10
0.442400	12
0.423100	23
0.533300	3
0.442400	10
0.465900	2
0.442400	53
0.583300	2
0.903700	3
0.750900	10
0.533300	10
0.387000	37
0.439800	9
0.547200	2
0.652900	3
0.482700	2
0.547200	9
0.439800	1
0.409400	14
0.482700	5
0.439800	8
0.409400	2
0.387000	7
0.369800	10
0.439800	3
0.409400	11
0.369800	24
0.387000	18
0.439800	4
0.387000	3
0.482700	5
0.439800	9
0.409400	1
0.369800	21
0.356200	20
0.345300	10
0.387000	5
0.369800	2
0.409400	6
0.369800	2
0.345300	4
0.356200	3
0.336400	2
0.328900	16
0.356200	2
0.387000	5
0.439800	9
0.369800	1
0.356200	2
0.345300	2
0.328900	18
0.322600	31
0.328900	8
0.336400	10
0.328900	21
0.322600	12
0.552800	5
0.620800	2
0.552800	27
0.322600	1
0.345300	2
0.336400	8
0.356200	16
0.328900	39
0.356200	3
0.345300	3
0.336400	2
0.345300	24
0.369800	5
0.345300	12
0.336400	8
0.345300	2
0.336400	4
0.345300	8
0.356200	22
0.369800	17
0.345300	2
0.336400	3
0.328900	2
0.345300	14
0.328900	22
0.322600	10
0.328900	84
0.322600	5
0.328900	19
0.336400	50
0.328900	14
0.336400	28
0.369800	4
0.345300	11
0.336400	5
0.369800	14
0.345300	2
0.336400	28
0.328900	2
0.336400	3
0.328900	5
0.336400	12
0.328900	4
0.336400	11
0.328900	3
0.336400	9
0.345300	2
0.439800	1
0.369800	13
0.356200	19
0.345300	19
0.356200	21
0.345300	11
0.356200	2
0.345300	29
0.356200	4
0.369800	24
0.356200	2
0.345300	7
0.369800	4
0.345300	4
0.356200	8
0.430000	31
0.503100	4
0.430000	12
0.439800	15
0.430000	114
0.482700	4
0.430000	5
0.439800	4
0.430000	21
0.503100	9
0.482700	7
0.430000	51
0.652900	3
0.850100	2
0.439800	10
0.430000	4
0.439800	7
0.482700	10
0.850100	14
0.482700	2
0.439800	2
0.482700	23
0.439800	2
0.482700	31
0.652900	3
0.482700	52
0.439800	7
0.482700	5
0.652900	6
0.482700	21
0.850100	3
0.482700	25
0.547200	39
0.850100	5
1.312700	4
3.120100	1
1.312700	4
0.850100	2
0.652900	5
0.547200	24
0.652900	4
0.850100	3
0.652900	21
0.850100	16
0.652900	49
3.120100	2
0.850100	3
5.000000	10
3.120100	2
2.011500	2
1.210100	5
2.011500	2
3.120100	5
2.011500	8
3.120100	14
5.000000	12
3.120000	3
1.164600	4
1.687600	3
1.164600	9
0.903700	12
0.750900	5
0.651900	4
0.583300	1
0.903700	4
0.495500	3
0.533300	12
0.387000	7
0.409400	5
0.439800	2
0.482700	12
0.547200	12
0.482700	51
0.439800	2
0.409400	10
0.387000	9
0.547200	3
0.409400	12
0.387000	14
0.369800	6
0.356200	10
0.722900	12
0.890900	2
1.502400	2
2.011500	3
1.502400	3
1.021600	5
1.502400	2
1.021600	9
0.890900	7
1.021600	3
0.890900	2
1.502400	3
1.021600	10
0.890900	2
0.795400	24
0.890900	2
1.752800	18
1.118600	2
1.264300	10
0.722900	4
0.795400	8
0.495500	6
0.442400	1
0.345300	4
0.328900	3
0.336400	3
0.345300	2
0.336400	5
0.281200	2
0.285800	2
0.281200	5
0.285800	3
0.287300	2
0.290500	6
0.283400	4
0.282200	1
0.280300	2
0.281200	2
0.280300	7
0.283400	3
0.284500	3
0.281200	4
0.280300	3
0.278500	19
0.277700	8
0.278500	22
0.282200	4
0.283400	5
0.282200	12
0.281200	29
0.285800	2
0.282200	2
0.284500	3
0.288800	5
0.287300	9
0.292300	3
0.290500	6
0.503100	1
0.292300	4
0.288800	5
0.287300	5
0.285800	11
0.287300	28
0.388300	5
0.382100	48
0.388300	28
0.319600	3
0.326300	2
0.319600	5
0.316700	7
0.503100	2
0.316700	5
0.285800	26
0.287300	2
0.288800	2
0.292300	1
0.296600	2
0.292300	3
0.294300	2
0.305000	3
0.296600	2
0.292300	4
0.294300	3
0.292300	7
0.299100	2
0.305000	6
0.312600	6
0.301900	1
0.296600	16
0.294300	64
0.290500	15
0.296600	4
0.330100	10
0.326300	21
0.503100	1
0.326300	49
0.339000	2
0.334300	20
0.339000	7
0.344200	7
0.350100	20
0.356600	2
0.364100	14
0.350100	7
0.364100	8
0.372600	4
0.364100	1
0.350100	4
0.372600	8
0.364100	2
0.372600	3
0.364100	2
0.350100	60
0.356600	3
0.372600	18
0.382400	1
0.393800	9
0.407200	3
0.465900	5
0.533300	9
0.651900	2
0.495500	1
0.369800	2
0.345300	2
0.369800	3
0.345300	16
0.369800	24
0.345300	3
0.369800	33
0.387000	12
0.482700	2
0.439800	3
0.482700	2
0.387000	18
0.409400	3
0.439800	4
0.652900	1
1.312700	13
0.850100	2
0.547200	24
0.439800	7
0.409400	18
0.439800	1
0.482700	29
0.439800	3
0.482700	28
0.439800	9
0.482700	2
0.547200	21
0.482700	2
0.652900	5
0.547200	12
0.652900	13
1.312700	12
3.120100	4
1.312700	5
0.850100	2
0.652900	8
0.547200	6
0.482700	5
0.409400	9
0.547200	5
0.482700	9
0.387000	16
0.409400	12
0.356200	11
0.369800	12
0.356200	2
0.345300	4
0.356200	10
0.345300	11
0.356200	3
0.345300	13
0.442400	3
0.423100	4
0.442400	1
0.393800	6
0.407200	7
0.393800	3
0.407200	4
0.393800	7
0.382400	4
0.372600	5
0.356600	16
0.382400	2
0.407200	3
0.393800	9
0.382400	2
0.372600	7
0.364100	7
0.393800	7
0.382400	7
0.364100	10
0.372600	4
0.356600	3
0.364100	9
0.356600	7
0.350100	9
0.344200	3
0.364100	2
0.350100	2
0.356600	7
0.350100	5
0.344200	40
0.393800	2
0.350100	5
0.393800	13
0.465900	3
0.407200	2
0.442400	2
0.495500	9
0.533300	1
0.495500	6
0.583300	1
0.533300	2
0.465900	2
0.583300	2
0.465900	3
0.583300	3
0.495500	6
0.423100	2
0.407200	10
0.393800	5
0.442400	4
0.382400	16
0.407200	4
0.423100	8
0.407200	6
0.465900	3
0.495500	11
0.423100	3
0.407200	5
0.503100	7
0.407200	37
0.465900	5
0.423100	2
0.407200	7
0.393800	4
0.423100	52
0.407200	30
0.442400	12
0.423100	21
0.407200	21
0.495500	6
0.465900	8
0.495500	4
0.442400	5
0.407200	5
0.423100	27
0.533300	6
0.495500	1
0.423100	6
0.372600	1
0.350100	4
0.344200	1
0.391700	13
0.344200	12
0.364100	1
0.344200	12
0.356600	6
0.344200	39
0.356600	9
0.382400	4
0.372600	12
0.356600	18
0.382400	17
0.407200	16
0.423100	25
0.533300	2
0.495500	14
0.442400	1
0.495500	2
0.442400	5
0.533300	6
0.583300	3
0.651900	29
0.583300	5
0.651900	2
0.583300	2
0.533300	1
0.651900	4
0.533300	9
0.583300	1
1.164600	2
3.120100	14
1.312700	8
0.850100	5
1.312700	6
3.120100	3
0.850100	2
0.547200	5
0.439800	15
0.409400	6
0.651900	3
0.465900	36
0.495500	16
0.465900	5
0.423100	3
0.442400	2
0.465900	46
0.495500	9
0.465900	16
0.442400	1
0.465900	2
0.442400	4
0.465900	5
0.442400	2
0.423100	3
0.442400	9
0.465900	7
0.423100	2
0.442400	2
0.465900	17
0.442400	11
0.423100	2
0.407200	1
0.442400	2
0.797600	4
0.735000	8
0.642600	25
0.684400	15
0.642600	4
0.578100	3
0.684400	5
0.735000	9
0.642600	2
0.552700	2
0.511500	1
0.552700	4
0.684400	2
0.797600	1
0.876700	4
0.735000	2
0.578100	3
0.642600	2
0.684400	2
0.642600	3
0.735000	7
0.607700	2
0.578100	7
0.607700	1
0.470300	4
0.517500	2
0.423100	1
0.407200	23
0.393800	3
0.407200	2
0.393800	2
0.407200	1
0.372600	16
0.350100	2
0.364100	35
0.356600	5
0.364100	2
0.350100	1
0.344200	2
0.339000	2
0.334300	12
0.339000	5
0.350100	2
0.344200	7
0.350100	5
0.344200	4
0.356600	22
0.364100	6
0.393800	5
0.382400	7
0.372600	3
0.356600	7
0.350100	16
0.356600	30
0.364100	8
0.552700	13
0.530700	21
0.511500	47
0.400900	31
0.350100	50
0.372600	9
0.382400	5
0.356600	2
0.372600	14
0.356600	15
0.382400	4
0.372600	2
0.393800	1
0.382400	7
0.503100	2
0.364100	5
0.356600	19
0.503100	2
0.356600	4
0.364100	2
0.356600	3
0.364100	44
0.372600	7
0.382400	53
0.423100	4
0.407200	11
0.382400	1
0.452100	106
0.548700	2
0.517500	12
0.491800	2
0.470300	87
0.452100	48
0.548700	1
0.517500	15
0.452100	12
0.517500	16
0.587300	16
0.636000	17
0.548700	18
0.517500	1
0.636000	28
0.902900	14
0.636000	29
0.902900	3
0.699300	12
0.636000	2
0.495500	14
0.651900	2
0.903700	8
0.583300	4
0.465900	18
0.495500	10
0.533300	2
0.583300	22
0.533300	2
0.495500	1
0.442400	12
0.465900	74
0.442400	20
0.423100	19
0.533300	1
0.583300	2
0.533300	4
0.583300	5
0.651900	4
0.442400	37
0.465900	2
0.495500	16
0.465900	8
0.583300	28
0.750900	2
0.651900	2
3.120000	3
1.687600	2
1.164600	17
0.533300	2
0.583300	9
1.164600	4
0.903700	11
0.651900	2
0.533300	3
0.495500	6
0.533300	6
0.583300	2
0.903700	3
0.750900	2
0.583300	8
0.651900	2
0.533300	1
0.495500	4
0.651900	2
0.583300	11
0.651900	2
0.533300	3
0.495500	10
0.465900	1
0.442400	4
0.465900	39
0.407200	4
0.393800	5
0.407200	2
0.393800	9
0.407200	6
0.382400	3
0.372600	4
0.407200	5
0.382400	4
0.393800	5
0.372600	4
0.382400	31
0.442400	2
0.465900	2
0.423100	1
0.407200	2
0.423100	9
0.372600	9
0.407200	8
0.423100	2
0.407200	3
0.423100	2
0.407200	2
0.382400	52
0.393800	19
0.382400	3
0.393800	47
0.423100	6
0.393800	40
0.407200	1
0.393800	4
0.407200	9
0.465900	4
0.442400	11
0.407200	71
0.423100	2
0.407200	13
0.393800	23
0.407200	5
0.442400	2
0.423100	6
0.382400	27
0.442400	25
0.583300	5
0.533300	7
0.583300	4
0.465900	4
0.533300	5
0.495500	4
0.465900	2
0.533300	13
0.442400	13
0.533300	7
0.442400	9
0.465900	13
0.583300	6
0.533300	9
0.465900	22
0.503100	11
0.465900	33
0.442400	15
0.407200	14
0.423100	4
0.442400	2
0.423100	13
0.393800	49
0.382400	2
0.442400	2
0.393800	11
0.465900	2
0.393800	4
0.495500	2
0.651900	18
0.750900	4
0.903700	2
1.164600	1
1.687600	8
3.120000	5
0.903700	18
1.164600	31
3.120000	5
1.687600	2
1.164600	6
0.903700	1
1.164600	2
0.903700	13
1.164600	2
1.687600	11
0.903700	2
1.687600	5
0.903700	4
1.164600	2
0.903700	2
1.164600	20
0.750900	1
1.687600	6
1.164600	16
0.903700	13
1.164600	15
0.903700	9
1.164600	2
3.120000	3
3.510000	13
3.120000	4
3.510000	14
1.687600	15
3.120000	14
1.164600	17
0.903700	14
1.164600	2
0.903700	4
1.164600	32
1.687600	13
3.120000	15
1.687600	21
3.120000	6
3.510000	42
3.120000	1
1.687600	10
0.903700	27
1.164600	5
1.687600	8
0.903700	27
1.164600	9
3.120000	7
1.164600	46
0.903700	19
0.750900	23
1.687600	2
3.120000	15
0.750900	3
0.583300	2
0.495500	24
0.583300	5
0.495500	9
0.465900	2
0.442400	2
0.465900	2
0.495500	32
0.651900	4
0.533300	2
0.495500	10
0.465900	4
0.533300	2
0.495500	13
0.442400	43
0.495500	13
0.442400	9
0.533300	4
0.465900	9
0.533300	2
0.495500	2
0.465900	11
0.442400	56
0.423100	2
0.465900	4
0.533300	13
0.465900	37
0.423100	5
0.465900	4
0.407200	67
0.423100	75
0.465900	6
0.442400	9
0.423100	14
0.465900	46
0.583300	4
0.533300	5
0.442400	98
0.495500	2
0.533300	8
0.465900	3
0.583300	14
0.465900	62
0.495500	2
0.651900	11
0.495500	56
0.651900	128
0.583300	56
0.651900	12
0.583300	4
0.533300	18
0.495500	17
0.465900	21
0.442400	15
0.533300	14
0.442400	35
0.495500	3
0.465900	2
0.442400	9
0.495500	5
0.465900	5
0.495500	3
0.442400	32
0.533300	5
0.465900	3
0.495500	7
0.423100	2
0.442400	15
0.495500	4
0.442400	5
0.495500	7
0.465900	8
0.423100	19
0.393800	49
0.382400	12
0.393800	10
0.503100	2
0.393800	1
0.382400	4
0.407200	5
0.423100	10
0.393800	16
0.442400	3
0.423100	12
0.393800	4
0.407200	29
0.393800	21
0.382400	2
0.393800	5
0.382400	7
0.372600	2
0.364100	5
0.407200	3
0.372600	9
0.382400	3
0.372600	2
0.423100	4
0.382400	12
0.372600	6
0.382400	12
0.423100	16
0.382400	19
0.442400	3
0.393800	7
0.407200	3
0.442400	2
0.423100	10
0.407200	5
0.382400	135
0.407200	2
0.382400	3
0.372600	4
0.382400	34
0.407200	7
0.393800	7
0.372600	3
0.407200	14
0.382400	2
0.372600	1
0.382400	11
0.423100	2
0.407200	13
0.372600	33
0.393800	14
0.423100	2
0.393800	5
0.423100	6
0.382400	1
0.372600	103
0.407200	4
0.393800	10
0.382400	44
0.407200	5
0.423100	4
0.465900	5
0.423100	6
0.407200	1
0.382400	2
0.372600	19
0.382400	9
0.407200	2
0.382400	16
0.393800	28
0.407200	4
0.423100	2
0.407200	1
0.495500	9
0.423100	2
0.393800	3
0.382400	5
0.393800	6
0.407200	5
0.393800	3
0.423100	2
0.393800	2
0.372600	2
0.393800	50
0.407200	2
0.393800	4
0.465900	5
0.442400	7
0.533300	3
0.465900	2
0.533300	16
0.465900	7
0.495500	14
0.533300	15
0.495500	12
0.465900	7
0.495500	2
0.533300	5
0.583300	5
0.533300	2
0.495500	80
0.533300	16
0.495500	24
0.651900	192
0.903700	12
0.651900	74
0.583300	22
0.903700	14
0.583300	7
0.495500	31
0.533300	8
0.495500	12
0.465900	49
0.495500	1
0.423100	6
0.407200	3
0.423100	49
0.442400	1
0.423100	4
0.442400	24
0.465900	24
0.442400	24
0.495500	12
0.465900	2
0.442400	80
0.465900	20
0.495500	31
0.533300	8
0.495500	4
0.465900	53
0.495500	31
0.533300	6
0.495500	37
0.465900	3
0.495500	42
0.465900	42
0.442400	4
0.465900	35
0.533300	10
0.465900	90
0.495500	9
0.651900	2
0.583300	7
0.533300	2
0.465900	117
0.903700	9
3.120000	6
0.903700	2
1.164600	9
3.510000	4
3.120000	9
0.903700	5
0.583300	43
0.750900	8
0.583300	30
0.423100	15
0.495500	7
0.423100	2
0.442400	4
0.465900	3
0.423100	24
0.465900	2
0.423100	4
0.465900	38
0.495500	16
0.533300	6
0.495500	17
0.533300	5
0.583300	11
0.465900	10
0.495500	16
0.533300	22
0.583300	2
0.533300	4
0.583300	16
0.651900	2
1.687600	2
1.164600	2
0.903700	11
0.750900	2
0.583300	16
0.903700	4
0.651900	11
0.583300	32
0.533300	17
0.495500	25
0.533300	9
0.495500	38
0.465900	6
0.442400	6
0.465900	11
0.495500	9
0.533300	10
0.903700	3
0.750900	2
0.651900	2
0.903700	6
1.164600	1
0.903700	6
0.651900	2
0.465900	5
0.651900	2
0.533300	2
0.495500	4
0.465900	5
0.442400	4
0.423100	6
0.495500	5
0.423100	6
0.407200	8
0.393800	3
0.423100	10
0.442400	2
0.423100	2
0.407200	9
0.495500	4
0.423100	11
0.407200	40
0.465900	5
0.407200	25
0.442400	13
0.407200	116
0.495500	6
0.465900	9
0.407200	114
0.495500	1
0.407200	4
0.423100	10
0.407200	80
0.382400	19
0.407200	12
0.393800	2
0.382400	15
0.372600	4
0.382400	38
0.372600	28
0.364100	20
0.356600	18
0.364100	45
0.372600	2
0.364100	4
0.393800	2
0.407200	10
0.393800	2
0.364100	4
0.356600	37
0.364100	23
0.356600	2
0.393800	2
0.407200	6
0.372600	3
0.382400	4
0.407200	2
0.393800	3
0.407200	13
0.465900	4
0.423100	11
0.495500	7
0.442400	7
0.423100	2
0.407200	18
0.423100	2
0.407200	31
0.442400	14
0.423100	4
0.517500	16
0.548700	14
0.587300	16
0.636000	12
0.533300	4
0.583300	3
0.651900	12
1.000000	6
0.750900	1
0.651900	11
0.902900	5
0.651900	7
0.750900	9
0.903700	5
1.000000	4
0.903700	10
0.750900	4
0.903700	2
1.312700	3
0.547200	2
0.903700	7
0.583300	5
0.750900	9
0.651900	2
0.533300	2
0.583300	11
0.533300	3
0.583300	11
0.750900	12
0.583300	2
0.533300	19
0.583300	7
0.533300	4
0.583300	19
0.903700	2
3.120100	11
1.500000	3
0.903700	36
1.164600	11
0.903700	9
1.164600	41
1.500000	1
1.164600	20
1.500000	6
1.164600	18
1.500000	10
1.164600	24
1.500000	13
1.164600	1
1.500000	12
1.164600	4
0.903700	5
0.750900	4
0.903700	36
0.750900	40
0.903700	2
1.164600	3
1.500000	10
0.750900	4
0.903700	10
0.750900	24
0.583300	23
0.495500	27
0.465900	11
0.583300	12
0.651900	1
0.495500	4
0.583300	12
0.465900	7
0.495500	7
0.465900	17
0.442400	2
0.345300	7
0.336400	8
0.328900	18
0.317200	3
0.322600	9
0.328900	5
0.336400	2
0.328900	20
0.322600	7
0.328900	25
0.336400	10
0.356200	3
0.336400	2
0.345300	4
0.328900	13
0.322600	4
0.336400	2
0.345300	14
0.322600	33
0.345300	9
0.369800	3
0.356200	2
0.345300	2
0.328900	9
0.322600	22
0.317200	3
0.322600	38
0.350000	504
0.442400	11
0.495500	2
0.369800	7
0.409400	2
0.369800	2
0.409400	6
0.369800	4
0.350000	11
0.356200	9
0.369800	2
0.356200	13
0.409400	28
0.387000	3
0.409400	13
0.356200	9
0.387000	37
0.409400	15
0.387000	70
0.409400	3
0.387000	17
0.409400	9
0.439800	1
0.482700	9
0.652900	4
3.120100	7
1.502400	2
2.011500	30
5.000000	8
3.120100	5
1.079100	6
1.363400	2
0.903700	7
0.547200	23
0.409400	19
0.369800	4
0.350000	64
0.485700	16
0.469100	35
0.356600	25
0.350000	108
0.583700	4
0.552800	41
0.526900	50
0.382400	7
0.372600	6
0.393800	11
0.350000	301
0.503100	65
0.479600	2
0.466300	4
0.479600	19
0.503100	9
0.494600	2
0.466300	7
0.443500	2
0.454300	25
0.443500	79
0.454300	35
0.494600	13
0.454300	19
0.466300	6
0.503100	124
0.491800	2
0.470300	7
0.452100	32
0.470300	21
0.503100	11
0.470300	104
0.491800	2
0.470300	4
0.491800	11
0.470300	22
0.452100	28
0.470300	4
0.391700	2
0.383500	6
0.369600	12
0.383500	2
0.376200	2
0.391700	2
0.383500	7
0.369600	34
0.383500	2
0.400900	40
0.423000	2
0.383500	2
0.376200	2
0.383500	5
0.400900	10
0.391700	1
0.383500	2
0.391700	2
0.400900	20
0.391700	6
0.400900	2
0.391700	5
0.400900	69
0.423000	11
0.400900	2
0.391700	29
0.423000	13
0.391700	61
0.383500	148
0.391700	3
0.423000	11
0.391700	10
0.383500	7
0.391700	17
0.383500	13
0.391700	23
0.383500	7
0.391700	23
0.383500	6
0.391700	25
0.383500	106
0.391700	7
0.400900	12
0.383500	18
0.400900	10
0.383500	45
0.411200	13
0.383500	15
0.411200	9
0.391700	2
0.383500	14
0.391700	5
0.383500	15
0.391700	2
0.383500	26
0.411200	10
0.383500	28
0.400900	4
0.383500	54
0.391700	6
0.423000	11
0.411200	2
0.400900	2
0.411200	2
0.470300	11
0.452100	8
0.491800	9
0.452100	2
0.436500	45
0.452100	2
0.436500	10
0.400900	5
0.391700	8
0.400900	11
0.391700	11
0.383500	4
0.376200	36
0.383500	6
0.391700	42
0.383500	9
0.376200	4
0.383500	4
0.400900	13
0.383500	2
0.391700	11
0.383500	19
0.400900	6
0.411200	4
0.400900	2
0.383500	4
0.376200	13
0.383500	4
0.400900	1
0.391700	47
0.383500	11
0.411200	2
0.436500	2
0.411200	4
0.436500	2
0.411200	3
0.436500	34
0.411200	9
0.400900	68
0.423000	7
0.400900	8
0.411200	3
0.391700	13
0.383500	10
0.391700	1
0.411200	2
0.423000	13
0.411200	2
0.391700	4
0.383500	50
0.376200	64
0.391700	6
0.383500	9
0.411200	2
0.400900	13
0.383500	76
0.411200	2
0.400900	3
0.423000	6
0.436500	4
0.411200	9
0.400900	2
0.391700	6
0.383500	9
0.400900	15
0.376200	11
0.369600	2
0.363700	20
0.358200	4
0.363700	39
0.358200	3
0.363700	8
0.358200	16
0.369600	4
0.358200	108
0.376200	4
0.363700	13
0.358200	5
0.369600	8
0.376200	8
0.358200	15
0.363700	2
0.376200	13
0.369600	2
0.363700	28
0.369600	3
0.376200	11
0.363700	190
0.358200	50
0.363700	21
0.369600	17
0.363700	5
0.410900	25
0.402700	23
0.410900	4
0.420100	11
0.402700	16
0.410900	4
0.402700	3
0.420100	4
0.430300	9
0.410900	1
0.402700	15
0.363700	42
0.376200	8
0.363700	35
0.376200	14
0.369600	2
0.363700	149
0.376200	2
0.363700	12
0.376200	2
0.383500	4
0.376200	9
0.369600	1
0.363700	8
0.376200	3
0.383500	11
0.363700	175
0.369600	17
0.383500	4
0.400900	5
0.376200	2
0.369600	54
0.391700	12
0.369600	25
0.400900	5
0.423000	6
0.391700	5
0.369600	141
0.383500	9
0.369600	8
0.391700	11
0.376200	2
0.369600	12
0.391700	22
0.383500	14
0.369600	2
0.376200	18
0.369600	13
0.383500	13
0.369600	99
0.363700	4
0.369600	18
0.383500	10
0.369600	11
0.363700	34
0.369600	15
0.363700	39
0.369600	4
0.363700	9
0.376200	14
0.369600	2
0.363700	18
0.376200	15
0.363700	2
0.369600	3
0.363700	9
0.369600	4
0.383500	13
0.363700	1
0.369600	4
0.363700	121
0.369600	24
0.363700	19
0.369600	4
0.383500	13
0.376200	2
0.363700	36
0.369600	6
0.363700	23
0.369600	7
0.383500	8
0.376200	1
0.363700	63
0.369600	27
0.363700	4
0.369600	7
0.363700	4
0.369600	79
0.383500	5
0.391700	6
0.376200	5
0.369600	378
0.499900	25
0.486300	6
0.503100	7
0.499900	1
0.486300	17
0.503100	11
0.486300	73
0.503100	2
0.486300	2
0.503100	16
0.479600	1
0.494600	8
0.466300	9
0.454300	1
0.443500	24
0.479600	1
0.494600	2
0.503100	2
0.494600	2
0.503100	3
0.494600	9
0.454300	11
0.443500	13
0.479600	2
0.494600	13
0.454300	5
0.494600	2
0.503100	4
0.479600	3
0.494600	9
0.454300	15
0.466300	20
0.494600	2
0.479600	3
0.503100	9
0.494600	2
0.466300	17
0.479600	1
0.466300	4
0.479600	7
0.454300	4
0.466300	23
0.454300	7
0.466300	20
0.494600	4
0.479600	11
0.454300	14
0.466300	13
0.454300	11
0.479600	3
0.494600	8
0.479600	104
0.494600	3
0.503100	15
0.494600	7
0.503100	7
0.494600	7
0.479600	6
0.503100	2
0.479600	5
0.494600	16
0.503100	11
0.494600	4
0.503100	14
0.454500	19
0.485700	15
0.454500	2
0.469100	24
0.454500	17
0.469100	6
0.485700	6
0.526900	40
0.504700	2
0.485700	2
0.469100	6
0.454500	2
0.441700	8
0.485700	9
0.504700	4
0.469100	2
0.454500	14
0.469100	13
0.454500	23
0.469100	4
0.485700	11
0.469100	13
0.504700	6
0.485700	4
0.526900	2
0.552800	5
0.485700	2
0.469100	4
0.485700	14
0.583700	39
0.526900	2
0.552800	4
0.526900	2
0.504700	8
0.485700	6
0.469100	9
0.454500	25
0.469100	6
0.552800	73
0.469100	14
0.454500	4
0.504700	10
0.454500	16
0.441700	4
0.469100	11
0.454500	2
0.441700	14
0.469100	16
0.485700	2
0.469100	36
0.441700	4
0.485700	15
0.526900	6
0.469100	4
0.441700	10
0.454500	4
0.441700	8
0.504700	2
0.454500	13
0.441700	47
0.454500	2
0.441700	4
0.454500	2
0.441700	8
0.430300	37
0.454500	10
0.504700	4
0.469100	8
0.441700	2
0.430300	45
0.441700	2
0.469100	16
0.430300	47
0.469100	3
0.430300	4
0.339000	6
0.296600	70
0.299100	29
0.308600	2
0.317200	8
0.312600	2
0.305000	2
0.317200	4
0.308600	8
0.312600	4
0.308600	2
0.312600	1
0.317200	2
0.312600	2
0.308600	2
0.305000	85
0.308600	4
0.312600	8
0.308600	2
0.305000	33
0.301900	19
0.312600	14
0.301900	16
0.308600	11
0.301900	22
0.296600	21
0.294300	16
0.299100	4
0.308600	6
0.301900	1
0.299100	10
0.294300	57
0.420100	25
0.410900	6
0.420100	10
0.430300	10
0.420100	18
0.430300	32
0.420100	12
0.430300	25
0.420100	22
0.430300	4
0.485700	10
0.430300	2
0.420100	9
0.430300	10
0.420100	12
0.441700	8
0.430300	2
0.441700	6
0.391700	6
0.299100	12
0.344200	26
0.334300	36
0.339000	2
0.344200	14
0.299100	40
0.301900	8
0.299100	4
0.301900	102
0.308600	7
0.301900	139
0.305000	9
0.301900	25
0.299100	49
0.308600	11
0.299100	6
0.301900	8
0.299100	4
0.301900	24
0.299100	58
0.294300	55
0.292300	3
0.294300	40
0.292300	41
0.299100	12
0.292300	29
0.330100	28
0.334300	11
0.330100	36
0.292300	35
0.294300	8
0.292300	42
0.299100	8
0.292300	69
0.296600	8
0.292300	14
0.299100	12
0.292300	8
0.296600	10
0.292300	68
0.296600	10
0.292300	36
0.299100	8
0.296600	1
0.292300	18
0.294300	2
0.299100	10
0.296600	14
0.294300	8
0.299100	6
0.296600	4
0.292300	9
0.294300	79
0.296600	22
0.294300	23
0.301900	10
0.294300	6
0.296600	6
0.299100	6
0.296600	14
0.299100	4
0.301900	4
0.305000	24
0.308600	81
0.312600	11
0.308600	84
0.317200	54
0.308600	2
0.301900	28
0.454500	7
0.441700	6
0.454500	10
0.441700	21
0.620800	6
0.583700	15
0.620800	19
0.666200	4
0.442400	3
0.465900	4
0.423100	6
0.503100	123
0.336400	94
0.322600	2
0.328900	4
0.322600	15
0.328900	10
0.322600	9
0.552800	14
0.620800	9
0.552800	8
0.666200	10
0.620800	2
0.552800	48
0.393800	17
0.322600	61
0.328900	10
0.322600	71
0.345300	11
0.322600	111
0.345300	9
0.356200	2
0.328900	10
0.322600	48
0.328900	13
0.322600	17
0.328900	12
0.322600	31
0.345300	9
0.369800	2
0.336400	6
0.328900	2
0.317200	93
0.328900	10
0.317200	98
0.356200	7
0.369800	4
0.336400	6
0.328900	2
0.322600	27
0.328900	12
0.322600	32
0.328900	4
0.336400	10
0.322600	25
0.336400	11
0.322600	42
0.328900	8
0.345300	7
0.369800	2
0.345300	2
0.387000	4
0.482700	2
0.439800	2
0.409400	6
0.356200	3
0.387000	2
0.356200	70
0.387000	4
0.409400	6
0.369800	3
0.356200	31
0.369800	3
0.356200	4
0.369800	9
0.439800	8
0.387000	2
0.369800	102
0.409400	8
0.369800	73
0.387000	12
0.369800	5
0.336400	99
0.356200	10
0.336400	11
0.369800	4
0.387000	9
0.345300	6
0.336400	24
0.328900	15
0.336400	13
0.369800	10
0.345300	1
0.336400	8
0.328900	22
0.317200	17
0.322600	12
0.317200	15
0.312600	96
0.322600	8
0.312600	25
0.308600	51
0.317200	9
0.312600	2
0.308600	94
0.317200	10
0.308600	28
0.317200	11
0.312600	2
0.308600	26
0.317200	10
0.312600	2
0.308600	30
0.305000	9
0.317200	10
0.312600	11
0.305000	16
0.322600	2
0.328900	5
0.336400	2
0.308600	10
0.305000	57
0.312600	5
0.328900	4
0.317200	74
0.328900	81
0.356200	11
0.328900	7
0.336400	8
0.356200	9
0.345300	12
0.336400	56
0.345300	4
0.336400	41
0.369800	8
0.387000	1
0.356200	2
0.345300	40
0.387000	5
0.439800	6
0.409400	2
0.369800	1
0.345300	19
0.356200	11
0.345300	10
0.356200	35
0.345300	2
0.336400	47
0.328900	7
0.336400	106
0.369800	11
0.336400	4
0.328900	2
0.322600	8
0.308600	13
0.305000	150
0.317200	9
0.312600	2
0.305000	27
0.308600	40
0.305000	59
0.308600	11
0.305000	4
0.301900	94
0.305000	10
0.301900	67
0.308600	12
0.301900	58
0.308600	9
0.305000	2
0.301900	3
0.299100	42
0.296600	27
0.299100	12
0.308600	11
0.299100	54
0.308600	11
0.299100	79
0.308600	56
0.317200	9
0.308600	21
0.312600	11
0.317200	2
0.312600	25
0.322600	11
0.312600	32
0.328900	13
0.312600	10
0.322600	9
0.312600	54
0.322600	13
0.312600	62
0.328900	2
0.322600	7
0.312600	2
0.308600	37
0.312600	8
0.308600	120
0.322600	11
0.308600	38
0.312600	5
0.308600	46
0.317200	7
0.308600	21
0.299100	2
0.296600	34
0.301900	12
0.296600	20
0.339000	124
0.350100	4
0.356600	30
0.305000	4
0.296600	35
0.299100	39
0.296600	9
0.301900	9
0.299100	28
0.305000	8
0.308600	2
0.305000	1
0.299100	46
0.301900	11
0.299100	62
0.308600	9
0.299100	60
0.317200	5
0.328900	4
0.317200	3
0.305000	2
0.299100	60
0.305000	10
0.301900	2
0.299100	92
0.305000	11
0.299100	62
0.301900	9
0.312600	3
0.308600	9
0.317200	7
0.308600	11
0.305000	55
0.317200	9
0.312600	2
0.305000	36
0.312600	9
0.322600	2
0.317200	11
0.305000	77
0.308600	12
0.305000	88
0.308600	9
0.305000	27
0.317200	9
0.308600	1
0.305000	74
0.312600	12
0.305000	133
0.308600	36
0.299100	4
0.296600	3
0.299100	6
0.296600	5
0.299100	77
0.308600	11
0.305000	2
0.299100	135
0.317200	22
0.356200	7
0.409400	14
0.356200	17
0.369800	21
0.439800	7
0.409400	2
0.547200	7
0.439800	5
0.369800	48
0.482700	4
0.387000	12
0.369800	36
0.328900	9
0.369800	12
0.322600	9
0.369800	13
0.356200	9
0.369800	11
0.356200	7
0.345300	4
0.369800	5
0.387000	37
0.369800	8
0.387000	5
0.409400	11
0.369800	18
0.387000	37
0.439800	9
0.387000	2
0.409400	6
0.439800	3
0.387000	7
0.356200	2
0.369800	13
0.322600	11
0.328900	9
0.317200	23
0.308600	22
0.305000	4
0.317200	12
0.305000	22
0.308600	13
0.305000	9
0.317200	14
0.328900	11
0.317200	28
0.382400	15
0.372600	11
0.504700	16
0.583700	7
0.552800	4
0.485700	148
0.526900	9
0.485700	31
0.469100	4
0.485700	7
0.504700	11
0.485700	13
0.504700	7
0.485700	4
0.504700	5
0.485700	232
0.504700	15
0.485700	10
0.552800	6
0.504700	2
0.485700	24
0.454500	11
0.441700	66
0.485700	11
0.454500	2
0.441700	47
0.485700	4
0.526900	5
0.469100	17
0.504700	12
0.469100	2
0.441700	39
0.430300	9
0.454500	9
0.430300	2
0.441700	18
0.430300	17
0.441700	12
0.430300	74
0.469100	5
0.504700	6
0.454500	6
0.430300	258
0.441700	11
0.430300	60
0.441700	6
0.454500	7
0.485700	6
0.469100	3
0.441700	55
0.469100	10
0.441700	16
0.485700	2
0.504700	39
0.485700	17
0.504700	20
0.552800	9
0.504700	59
0.583700	5
0.666200	6
0.583700	2
0.504700	40
0.526900	7
0.583700	10
0.526900	34
0.620800	13
0.526900	21
0.485700	37
0.504700	9
0.526900	2
0.504700	4
0.526900	4
0.552800	11
0.583700	30
0.666200	2
0.583700	4
0.666200	9
0.620800	7
0.666200	2
0.620800	4
0.666200	5
0.722900	7
0.795400	13
0.722900	44
0.795400	22
0.890900	25
0.795400	20
0.722900	9
0.666200	4
0.620800	7
0.795400	4
0.620800	2
0.517500	3
0.491800	11
0.587300	4
0.699300	5
0.548700	10
0.587300	12
0.548700	6
0.699300	3
0.636000	5
0.784100	2
0.699300	2
0.517500	2
0.491800	2
0.470300	7
0.452100	2
0.587300	3
0.548700	13
0.491800	7
0.587300	4
0.636000	96
0.517500	9
0.587300	2
0.517500	2
0.587300	9
0.548700	9
0.587300	27
0.548700	7
0.517500	11
0.587300	33
0.548700	10
0.587300	11
0.548700	11
0.587300	2
0.548700	5
0.587300	4
0.452100	11
0.491800	2
0.452100	4
0.491800	9
0.328100	21
0.318500	9
0.277000	13
0.274500	23
0.273400	20
0.272900	22
0.272500	43
0.272000	17
0.272500	4
0.272000	4
0.272500	2
0.272000	7
0.272500	4
0.272900	5
0.272500	10
0.271600	4
0.271200	3
0.271600	4
0.272000	2
0.271600	3
0.271200	17
0.272000	4
0.271200	33
0.272500	2
0.272000	5
0.276300	4
0.280300	4
0.276300	2
0.274500	1
0.273900	10
0.274500	5
0.273900	28
0.274500	9
0.273900	4
0.274500	5
0.276300	4
0.275700	4
0.273900	7
0.273400	2
0.273900	4
0.273400	5
0.274500	2
0.277700	2
0.275700	8
0.274500	1
0.275100	4
0.274500	9
0.275100	4
0.275700	4
0.275100	22
0.277000	5
0.275100	46
0.277000	22
0.280300	3
0.281200	2
0.278500	9
0.277700	15
0.278500	1
0.283400	2
0.284500	7
0.283400	9
0.288800	2
0.290500	2
0.288800	4
0.290500	5
0.288800	2
0.287300	7
0.296600	11
0.294300	9
0.299100	2
0.317200	4
0.322600	7
0.312600	2
0.308600	14
0.312600	15
0.317200	7
0.308600	6
0.312600	12
0.345300	13
0.356200	4
0.345300	5
0.409400	6
0.356200	1
0.369800	2
0.387000	7
0.369800	2
0.387000	20
0.369800	16
0.387000	4
0.356200	2
0.345300	5
0.356200	3
0.369800	10
0.387000	3
0.317200	9
0.356200	2
0.317200	2
3.120100	14
0.547200	2
0.305000	4
0.328900	2
0.322600	10
0.308600	9
0.336400	2
0.328900	7
0.336400	2
0.328900	11
0.369800	2
0.356200	3
0.369800	6
0.356200	2
0.345300	9
0.369800	3
0.387000	4
0.369800	2
0.387000	2
0.328900	12
0.322600	4
0.369800	5
0.356200	2
0.345300	9
0.795400	11
0.890900	1
1.021600	2
0.795400	24
0.890900	27
1.502400	1
1.210100	13
0.666200	2
0.620800	5
0.583700	2
0.620800	2
0.423100	2
0.442400	2
0.423100	3
0.442400	4
0.407200	7
0.328900	5
0.369800	2
0.328900	2
0.356200	2
0.439800	3
0.328900	2
0.345300	4
0.336400	2
0.328900	3
0.322600	4
0.328900	3
0.345300	9
0.312600	2
0.301900	20
0.288800	16
0.290500	4
0.285800	23
0.282200	9
0.283400	50
0.285800	2
0.288800	3
0.287300	11
0.285800	15
0.284500	5
0.283400	2
0.282200	12
0.283400	2
0.279400	9
0.278500	13
0.277000	43
0.280300	5
0.279400	7
0.280300	4
0.277700	5
0.277000	8
0.276300	21
0.277000	2
0.276300	27
0.278500	2
0.276300	5
0.275100	11
0.274500	4
0.276300	16
0.274500	20
0.276300	3
0.275700	2
0.276300	4
0.275700	7
0.273900	3
0.275700	4
0.275100	10
0.274500	2
0.273900	58
0.292200	1
0.293400	8
0.292200	5
0.297100	7
0.295800	6
0.297100	3
0.293400	4
0.292200	2
0.294500	3
0.292200	43
0.291200	36
0.292200	2
0.293400	3
0.292200	16
0.290200	6
0.294500	3
0.275100	2
0.273400	13
0.272900	1
0.274500	2
0.272900	18
0.274500	5
0.273400	2
0.275100	2
0.273400	4
0.275100	1
0.274500	11
0.275700	6
0.275100	12
0.274500	4
0.276300	5
0.274500	45
0.277000	2
0.275700	5
0.276300	9
0.275700	4
0.274500	8
0.275100	92
0.277000	11
0.277700	40
0.280300	10
0.281200	4
0.278500	12
0.280300	13
0.281200	2
0.282200	3
0.284500	2
0.282200	4
0.285800	1
0.281200	31
0.284500	15
0.281200	7
0.282200	3
0.283400	8
0.282200	3
0.284500	2
0.283400	11
0.282200	64
0.284500	7
0.287300	5
0.285800	2
0.283400	15
0.282200	45
0.460000	67
0.459700	10
0.451000	28
0.459700	21
0.460000	24
0.443700	4
0.452900	10
0.443700	30
0.435200	4
0.427400	21
0.420100	26
0.413500	43
0.420100	2
0.443700	6
0.435200	10
0.427400	2
0.452900	5
0.407300	6
0.401500	7
0.396100	4
0.401500	11
0.407300	6
0.413500	2
0.407300	3
0.413500	17
0.443700	5
0.435200	12
0.413500	5
0.443700	4
0.420100	9
0.413500	2
0.407300	17
0.401500	61
0.413500	7
0.443700	4
0.420100	13
0.413500	25
0.407300	44
0.401500	43
0.420100	3
0.401500	6
0.391100	16
0.396100	42
0.391100	5
0.396100	13
0.413500	4
0.401500	11
0.396100	13
0.391100	1
0.396100	24
0.413500	13
0.435200	2
0.503100	4
0.402500	9
0.424900	2
0.416800	13
0.424900	4
0.409300	13
0.402500	16
0.416800	7
0.433700	2
0.424900	5
0.416800	6
0.409300	7
0.402500	35
0.424900	3
0.416800	9
0.409300	4
0.402500	2
0.396200	4
0.390400	5
0.402500	2
0.396200	2
0.416800	3
0.409300	11
0.402500	2
0.416800	4
0.396200	18
0.416800	15
0.396200	3
0.309300	4
0.316700	2
0.285800	12
0.282200	4
0.283400	102
0.285800	12
0.288800	2
0.285800	21
0.287300	4
0.285800	41
0.287300	26
0.292300	7
0.290500	9
0.287300	5
0.285800	4
0.287300	5
0.288800	31
0.287300	4
0.285800	49
1.005600	2
1.058100	13
1.365400	3
1.268800	15
1.058100	37
1.118200	34
1.187600	20
1.268800	2
1.627700	3
1.365400	4
1.268800	2
1.187600	19
1.365400	2
1.187600	4
1.482300	5
1.365400	12
1.627700	4
1.814900	2
1.482300	2
1.627700	5
1.814900	2
2.068800	2
1.482300	5
1.365400	2
1.268800	14
1.814900	2
1.627700	12
1.482300	2
1.365400	2
1.627700	11
1.482300	1
1.268800	66
1.365400	2
1.268800	11
1.187600	55
1.268800	47
1.058100	9
1.118200	5
1.058100	16
1.118200	40
1.058100	4
1.118200	52
1.058100	112
1.187600	5
1.058100	61
1.005600	2
1.187600	2
1.005600	9
0.918200	21
1.058100	4
1.005600	12
0.918200	4
1.005600	13
0.918200	63
1.005600	14
0.918200	91
1.058100	2
0.959300	14
0.918200	20
0.881300	16
1.005600	2
0.959300	12
0.881300	4
0.959300	13
1.005600	14
0.959300	27
1.058100	3
0.959300	2
1.005600	2
1.058100	13
0.959300	32
1.005600	48
1.118200	2
1.005600	41
1.118200	2
1.187600	5
1.118200	53
1.365400	2
1.268800	12
1.187600	2
1.118200	23
1.187600	2
1.627700	5
1.482300	2
1.365400	41
2.068800	6
1.627700	6
1.482300	5
1.365400	40
1.627700	3
1.365400	30
1.268800	53
1.627700	4
1.482300	12
1.268800	6
1.365400	21
1.627700	6
1.814900	7
1.482300	2
1.365400	4
1.268800	33
1.482300	4
1.268800	22
1.482300	15
1.268800	53
1.365400	4
1.814900	2
1.627700	13
1.365400	2
1.627700	1
1.365400	42
1.627700	5
1.814900	6
2.068800	2
1.627700	5
1.365400	54
1.268800	5
1.365400	6
1.482300	2
1.627700	2
1.482300	2
1.118200	13
1.058100	41
1.365400	6
1.268800	11
1.058100	137
1.268800	2
1.187600	13
1.058100	9
1.005600	10
1.118200	5
1.005600	8
1.118200	3
1.005600	28
1.058100	30
0.959300	11
0.918200	17
1.005600	13
0.959300	2
0.918200	1
1.005600	2
0.959300	14
0.918200	46
1.005600	4
0.918200	20
0.959300	2
0.881300	4
0.918200	2
0.283400	33
0.282200	54
0.284500	7
0.282200	15
0.285800	15
0.282200	88
0.284500	4
0.283400	4
0.284500	5
0.287300	2
0.283400	15
0.282200	51
0.285800	15
0.282200	38
0.284500	7
0.287300	4
0.400000	185
1.005600	13
1.058100	5
1.187600	4
1.058100	13
1.005600	12
1.187600	4
1.118200	2
1.058100	9
1.005600	33
1.058100	5
1.005600	91
1.187600	4
1.118200	12
1.005600	28
1.058100	2
1.268800	5
1.187600	2
1.005600	4
1.058100	10
1.118200	4
1.187600	5
1.365400	4
1.482300	9
1.365400	1
1.268800	32
1.187600	2
1.005600	11
1.058100	3
1.118200	38
1.187600	3
1.627700	2
1.482300	4
1.627700	9
1.268800	40
1.005600	2
1.058100	16
0.959300	2
0.881300	2
1.005600	42
0.881300	34
0.918200	2
0.959300	16
1.118200	4
1.005600	3
0.959300	2
1.058100	3
1.005600	2
0.959300	7
1.058100	4
1.005600	7
0.400000	851
0.395200	21
0.400000	6
0.395200	48
0.400000	123
1.365400	4
1.482300	3
1.627700	18
1.482300	22
1.365400	7
1.814900	14
1.365400	25
1.482300	2
1.627700	5
1.814900	4
2.068800	11
2.445100	7
0.322600	3
0.312600	11
0.305000	7
0.301900	9
0.299100	7
0.317200	20
0.322600	16
0.317200	8
0.336400	5
0.322600	9
0.317200	38
0.345300	4
0.322600	3
2.445100	2
2.800000	7
2.445100	8
0.317200	14
0.308600	3
0.305000	31
0.317200	5
0.305000	61
0.308600	5
0.305000	68
0.312600	14
0.308600	4
0.305000	48
0.301900	9
0.308600	13
0.305000	1
0.301900	17
0.305000	5
0.301900	2
0.296600	34
0.294300	34
0.292300	28
0.299100	12
0.301900	2
0.299100	2
0.292300	42
0.299100	14
0.292300	71
0.285800	18
0.290500	8
0.288800	8
0.287300	2
0.285800	11
0.290500	7
0.296600	4
0.290500	2
0.288800	9
0.294300	4
0.292300	9
0.290500	1
0.288800	8
0.290500	7
0.294300	4
0.296600	9
0.299100	3
0.294300	10
0.292300	10
0.296600	4
0.292300	2
0.296600	7
0.305000	2
0.299100	12
0.292300	4
0.299100	2
0.294300	7
0.299100	5
0.296600	7
0.292300	58
0.296600	7
0.305000	4
0.312600	3
0.299100	11
0.301900	2
0.299100	69
0.301900	15
0.308600	15
0.301900	48
0.305000	25
0.317200	2
0.328900	2
0.308600	2
0.305000	12
1.312700	4
0.439800	2
0.305000	12
0.308600	2
0.305000	4
0.308600	25
0.328900	2
0.322600	12
0.317200	2
0.308600	4
0.322600	7
0.312600	7
0.308600	5
3.120100	98
1.312700	12
3.120100	225
0.652900	16
0.547200	82
1.312700	32
3.120100	15
1.312700	3
3.120100	15
1.312700	1
3.120100	4
1.312700	2
3.120100	16
1.312700	14
3.120100	16
1.312700	52
0.850100	2
0.305000	37
0.308600	55
0.312600	77
0.328900	5
0.312600	13
0.308600	12
0.309000	16
0.328900	7
0.322600	9
0.317200	2
0.312600	25
0.328900	2
0.317200	11
0.312600	1
0.308600	2
0.322600	4
0.317200	10
0.308600	13
0.322600	3
0.308600	72
0.322600	6
0.312600	1
0.317200	2
0.312600	2
0.317200	2
0.322600	2
0.317200	21
0.336400	4
0.322600	10
0.317200	47
0.336400	15
0.345300	5
0.336400	11
0.317200	2
0.328900	11
0.345300	3
0.328900	4
0.317200	12
0.336400	9
0.387000	4
0.369800	11
0.345300	36
0.387000	6
0.345300	36
0.356200	33
0.387000	4
0.482700	5
0.439800	4
0.409400	2
0.387000	2
0.356200	12
0.369800	6
0.356200	2
0.369800	7
0.356200	11
0.369800	12
0.482700	3
0.547200	4
0.439800	2
0.547200	5
1.312700	2
0.850100	6
0.482700	2
0.547200	37
0.652900	7
0.547200	8
0.652900	10
3.120100	9
1.312700	9
0.547200	21
0.652900	4
3.120100	11
1.312700	1
0.850100	2
0.652900	2
0.482700	18
0.439800	2
0.409400	32
0.387000	98
0.369800	22
0.356200	4
0.336400	4
0.387000	9
0.409400	6
0.387000	4
0.409400	5
0.482700	2
0.409400	2
0.547200	15
0.387000	52
0.356200	11
0.345300	2
0.328900	4
0.336400	16
0.387000	2
0.369800	4
0.345300	25
0.336400	35
0.345300	4
0.409400	6
0.356200	5
0.409400	2
0.356200	4
0.345300	5
0.387000	6
0.409400	2
0.387000	28
0.409400	6
0.652900	5
0.439800	12
0.409400	19
0.387000	1
0.409400	4
0.439800	2
0.409400	6
0.482700	4
0.409400	49
0.439800	4
0.387000	24
0.369800	30
0.387000	2
0.356200	19
0.409400	6
0.369800	9
0.356200	70
0.345300	2
0.336400	8
0.322600	48
0.345300	13
0.336400	2
0.322600	13
0.328900	25
0.322600	13
0.328900	11
0.322600	58
0.356200	59
0.409400	13
0.356200	6
0.345300	4
0.356200	5
0.369800	38
0.356200	34
0.345300	24
0.356200	9
0.409400	11
0.547200	9
0.409400	11
0.439800	10
0.482700	24
0.439800	32
0.652900	11
0.439800	114
0.482700	27
0.652900	30
0.547200	56
0.652900	55
1.312700	7
0.850100	2
0.547200	18
0.482700	66
0.439800	30
0.482700	16
0.850100	4
0.547200	7
0.409400	4
0.439800	5
0.547200	11
0.409400	42
0.387000	16
0.409400	16
0.356200	23
0.369800	133
0.409400	2
0.387000	14
0.369800	29
0.356200	3
3.120100	119
0.345300	18
0.336400	5
0.356200	11
0.369800	2
0.356200	2
0.345300	33
0.356200	44
0.345300	23
0.356200	52
0.345300	82
0.356200	71
0.387000	9
0.409400	4
0.439800	2
0.387000	10
0.345300	2
0.387000	3
0.369800	12
0.356200	23
0.369800	8
0.387000	2
0.369800	6
0.409400	1
0.356200	10
0.369800	2
0.356200	15
0.345300	12
0.439800	4
0.369800	5
0.409400	2
0.439800	2
0.369800	6
0.439800	2
0.387000	31
0.439800	5
0.387000	4
0.409400	23
0.387000	12
0.439800	3
0.409400	12
0.387000	2
0.439800	15
0.409400	2
0.369800	1
0.387000	2
0.409400	2
0.387000	8
0.409400	31
0.387000	14
0.409400	3
0.439800	6
0.482700	10
0.439800	1
0.547200	2
0.482700	6
3.120100	2
0.482700	7
0.439800	19
0.409400	9
0.439800	2
0.387000	1
0.482700	6
0.547200	6
0.439800	1
0.482700	2
0.439800	8
3.120100	2
0.439800	1
0.547200	13
0.652900	11
0.850100	13
1.312700	4
0.652900	2
0.850100	2
1.312700	2
3.120100	14
0.850100	44
0.652900	38
3.120100	2
0.652900	21
3.120100	142
0.439800	2
0.482700	6
0.439800	5
3.120100	2
0.439800	19
0.547200	2
0.439800	27
0.387000	5
0.369800	7
3.120100	2
0.369800	6
0.387000	1
0.369800	2
0.439800	4
0.482700	3
0.652900	7
0.547200	2
0.482700	2
0.409400	30
3.120100	1
0.409400	11
0.387000	12
0.369800	30
0.387000	21
3.120100	2
0.387000	54
3.120100	2
0.387000	16
0.369800	14
0.356200	10
0.369800	4
0.387000	10
3.120100	2
0.369800	2
3.120100	2
0.369800	3
0.356200	11
3.120100	2
0.356200	32
3.120100	2
0.369800	1
0.356200	7
0.369800	4
0.387000	2
0.482700	5
0.850100	2
0.652900	2
0.409400	5
0.356200	2
0.369800	5
0.409400	9
0.547200	2
0.409400	9
0.356200	4
3.120100	2
0.356200	5
0.369800	2
0.356200	2
0.345300	12
0.369800	4
0.356200	9
0.345300	23
3.120100	2
0.345300	28
0.328900	4
0.345300	16
0.369800	5
0.387000	6
3.120100	2
0.387000	3
0.345300	2
0.356200	4
0.345300	1
0.369800	4
0.409400	4
0.369800	9
0.356200	7
0.387000	9
0.369800	14
3.120100	2
0.369800	34
0.387000	18
0.409400	7
3.120100	2
0.409400	14
0.387000	2
0.409400	38
0.547200	3
3.120100	2
0.547200	6
0.409400	1
0.482700	6
0.547200	7
0.409400	5
0.439800	22
0.547200	11
0.439800	1
3.120100	2
0.439800	16
0.547200	9
0.439800	11
0.409400	22
3.120100	1
0.409400	13
0.547200	18
0.482700	4
0.652900	7
0.547200	11
0.652900	5
3.120100	2
0.652900	15
3.120100	8
0.652900	13
1.312700	9
0.547200	14
3.120100	2
0.547200	57
3.120100	2
0.547200	5
0.652900	51
0.547200	2
3.120100	2
0.547200	12
0.482700	34
0.850100	7
1.312700	2
0.547200	3
3.120100	2
0.547200	5
0.482700	7
0.652900	9
0.547200	2
0.482700	21
0.547200	14
3.120100	2
0.547200	28
0.482700	30
3.120100	2
0.482700	59
3.120100	2
0.482700	20
0.850100	14
0.482700	24
3.120100	2
0.850100	10
0.482700	2
0.547200	5
0.482700	42
3.120100	2
0.482700	3
0.652900	10
0.482700	12
1.312700	9
0.850100	2
0.482700	7
0.409400	2
0.387000	7
0.439800	2
0.409400	4
3.120100	2
0.409400	12
0.439800	8
0.409400	1
0.387000	36
3.120100	2
0.387000	59
3.120100	2
0.387000	30
0.439800	10
0.387000	18
3.120100	2
0.387000	21
0.482700	13
0.387000	9
0.409400	14
3.120100	2
0.439800	1
0.409400	19
0.482700	2
0.409400	17
0.547200	1
1.312700	2
0.850100	2
0.547200	15
3.120100	2
0.547200	2
0.850100	39
3.120100	12
0.652900	5
3.120100	2
0.652900	16
0.482700	7
0.652900	30
0.850100	4
3.120100	2
0.850100	4
0.652900	40
0.547200	15
3.120100	2
0.547200	49
0.850100	8
3.120100	2
0.850100	1
0.547200	20
0.850100	8
0.547200	29
3.120100	2
0.547200	12
0.850100	9
0.547200	37
3.120100	4
0.547200	14
0.652900	15
3.120100	34
1.312700	20
0.850100	13
0.547200	4
0.850100	16
3.120100	2
0.850100	7
0.652900	4
3.120100	234
1.312700	32
3.120100	11
1.312700	12
3.120100	1
1.312700	6
3.120100	13
1.312700	40
3.120100	2
1.312700	24
3.120100	16
1.312700	15
0.850100	2
3.120100	13
0.850100	13
3.120100	16
0.850100	19
3.120100	2
0.850100	20
0.652900	9
0.850100	17
3.120100	6
1.312700	5
3.120100	2
0.652900	20
0.850100	37
3.120100	2
0.652900	1
0.482700	6
0.547200	4
0.652900	3
3.120100	9
1.312700	2
0.547200	11
1.312700	9
0.409400	11
0.439800	2
3.120100	1
0.409400	2
0.439800	11
0.409400	47
3.120100	2
0.409400	9
0.482700	4
0.547200	1
0.652900	4
1.312700	5
0.547200	2
0.439800	19
0.482700	5
0.652900	7
3.120100	2
0.652900	2
0.439800	53
0.482700	6
3.120100	1
0.482700	6
0.439800	50
3.120100	2
0.547200	9
0.850100	4
0.547200	3
0.439800	40
0.482700	4
3.120100	2
0.409400	10
0.387000	15
0.409400	3
0.439800	15
0.409400	15
3.120100	2
0.409400	12
0.439800	2
0.547200	2
0.850100	13
0.439800	2
0.409400	25
3.120100	2
0.409400	22
0.482700	37
3.120100	2
0.482700	4
0.652900	10
0.850100	29
0.652900	4
1.312700	27
0.850100	45
3.120100	2
0.850100	57
3.120100	2
0.850100	14
1.312700	23
3.120100	48
1.312700	35
3.120100	2
1.312700	10
3.120100	138
0.547200	12
1.312700	10
0.652900	4
0.850100	4
3.120100	2
0.850100	42
0.652900	3
0.850100	4
1.312700	6
0.850100	2
3.120100	2
0.850100	3
0.652900	8
0.547200	48
3.120100	1
0.547200	27
0.652900	4
1.312700	5
0.850100	6
0.482700	17
3.120100	2
0.482700	54
0.409400	4
3.120100	2
0.482700	4
0.652900	3
3.120100	2
1.312700	9
0.482700	23
0.652900	16
3.120100	2
0.652900	13
0.547200	13
0.652900	19
0.850100	9
0.652900	4
3.120100	1
0.652900	2
3.120100	2
0.652900	4
3.120100	84
0.547200	13
0.409400	14
3.120100	2
0.409400	47
0.482700	11
3.120100	1
0.482700	4
0.409400	55
3.120100	2
0.439800	40
0.409400	4
0.439800	14
3.120100	2
0.439800	47
0.652900	4
0.547200	7
3.120100	2
0.547200	2
0.439800	49
0.850100	4
0.482700	3
3.120100	2
0.482700	8
0.439800	36
0.482700	15
3.120100	2
0.482700	4
0.850100	11
0.482700	5
0.850100	5
0.482700	26
0.547200	5
3.120100	2
0.547200	58
3.120100	2
0.547200	60
3.120100	1
0.547200	4
0.850100	15
0.547200	3
0.652900	35
3.120100	2
0.652900	17
0.850100	2
1.312700	2
0.652900	29
0.850100	4
1.312700	2
0.850100	3
3.120100	2
0.850100	6
0.652900	9
0.850100	27
3.120100	3
0.850100	8
1.312700	2
0.850100	3
3.120100	2
0.850100	22
0.652900	7
0.547200	2
1.312700	3
0.850100	10
1.312700	1
0.652900	8
0.850100	2
0.652900	3
3.120100	2
0.652900	11
3.120100	1
0.652900	4
3.120100	1440
3.120100	1442
3.120100	1440
3.120100	1440
3.120100	1441
3.120100	265
5.000000	21
3.120100	1442
3.120100	361
0.423100	11
0.495500	9
0.503100	24
0.423100	4
0.442400	2
0.423100	3
3.120100	4
0.409400	22
0.652900	2
0.850100	1
0.547200	4
0.439800	7
0.387000	4
0.409400	17
3.120100	1
0.409400	54
0.439800	1
0.409400	2
3.120100	160
0.387000	14
0.409400	4
0.439800	2
0.387000	3
3.120100	2
0.369800	11
0.409400	8
0.547200	4
0.439800	11
0.409400	23
0.439800	2
3.120100	2
0.439800	1
0.652900	2
1.312700	2
0.850100	11
0.652900	2
1.312700	4
0.547200	4
0.482700	2
0.439800	20
0.482700	6
0.439800	2
3.120100	2
0.439800	7
0.652900	6
0.439800	100
0.409400	5
3.120100	2
0.409400	4
0.482700	6
0.387000	3
0.409400	2
0.387000	2
0.439800	2
0.482700	3
0.547200	4
0.482700	6
0.387000	9
0.409400	13
0.652900	2
0.547200	1
0.439800	2
3.120100	2
0.439800	4
0.547200	3
0.482700	2
0.439800	10
0.409400	11
0.369800	2
0.439800	14
0.369800	6
0.387000	2
0.369800	4
3.120100	1
0.369800	28
0.409400	24
0.850100	4
3.120100	4
0.850100	9
0.652900	39
0.850100	6
1.312700	1
0.547200	2
3.120100	6
0.652900	9
0.547200	2
0.482700	26
0.652900	2
3.120100	4
0.547200	7
0.652900	2
0.547200	4
3.120100	1
0.482700	13
0.439800	39
0.482700	2
0.439800	6
0.482700	7
3.120100	273
1.312700	18
3.120100	2
1.312700	9
3.120100	427
1.312700	1
3.120100	1442
3.120100	1378
5.500000	495
3.120100	581
1.312700	5
3.120100	143
1.312700	7
0.850100	19
1.312700	1
3.120100	10
0.850100	33
0.652900	62
0.850100	43
0.652900	3
0.850100	40
0.547200	7
0.850100	4
1.312700	6
3.120100	3
1.312700	2
0.850100	10
0.652900	9
1.312700	2
0.652900	85
1.312700	6
3.120100	11
0.652900	95
1.312700	2
0.850100	13
0.652900	5
1.312700	17
0.652900	23
1.312700	7
0.850100	8
0.652900	2
0.547200	109
1.312700	8
0.652900	9
0.547200	4
1.312700	4
0.547200	4
0.503100	124
0.652900	10
3.120100	4
0.652900	5
3.120100	8
1.312700	7
0.652900	15
0.850100	25
0.652900	104
0.850100	32
1.312700	4
3.120100	13
1.312700	11
0.850100	2
3.120100	2
1.312700	4
0.547200	2
0.503100	7
0.547200	8
0.652900	24
0.547200	33
0.652900	5
3.120100	16
0.652900	11
0.547200	76
1.312700	4
0.547200	24
1.312700	10
0.547200	12
3.120100	1
0.652900	2
1.312700	2
3.120100	10
1.312700	2
0.547200	75
0.652900	33
0.547200	37
1.312700	2
0.850100	2
0.652900	4
0.503100	17
0.547200	4
0.503100	38
0.547200	6
0.503100	137
0.547200	6
0.503100	121
0.547200	15
0.652900	6
0.439800	11
0.409400	38
0.652900	6
0.547200	9
1.312700	2
0.547200	10
0.409400	9
0.547200	15
0.409400	28
0.547200	5
0.439800	10
0.409400	44
0.547200	2
0.409400	6
0.482700	2
0.409400	13
0.652900	7
0.439800	8
0.482700	1
0.439800	13
0.409400	12
0.482700	3
0.850100	6
0.547200	4
0.439800	7
0.387000	32
0.409400	29
0.439800	11
0.547200	13
0.439800	41
0.652900	4
0.547200	11
0.409400	24
0.439800	15
0.652900	41
0.850100	24
1.312700	15
0.652900	26
0.850100	13
3.120100	15
0.850100	13
0.652900	4
0.850100	5
1.312700	2
0.850100	11
1.312700	23
3.120100	16
1.312700	17
3.120100	8
1.312700	1
0.850100	10
0.652900	57
1.312700	4
3.120100	13
0.652900	9
0.850100	4
0.652900	11
1.312700	5
3.120100	11
0.652900	6
0.850100	5
1.312700	8
0.850100	1
0.652900	4
1.312700	9
0.652900	74
0.850100	4
0.652900	13
0.850100	3
3.120100	12
0.652900	63
0.850100	35
0.652900	37
0.482700	2
0.439800	11
0.482700	2
0.439800	7
0.409400	4
0.439800	41
0.409400	7
0.439800	2
0.409400	11
0.652900	4
0.439800	11
0.409400	2
0.652900	6
0.439800	9
0.409400	13
0.482700	2
0.439800	2
0.409400	13
0.482700	5
0.850100	8
0.652900	2
0.547200	7
0.409400	73
0.439800	8
0.482700	24
0.547200	21
0.850100	5
1.312700	8
3.120100	2
1.312700	2
0.482700	1
0.547200	13
0.652900	2
0.547200	11
0.652900	19
0.547200	33
0.850100	5
0.547200	27
0.652900	6
1.312700	6
0.652900	13
1.312700	16
0.850100	80
1.312700	4
3.120100	11
0.850100	61
1.312700	5
3.120100	6
1.312700	2
0.850100	55
1.312700	13
3.120100	53
1.312700	31
3.120100	860
1.312700	13
0.850100	6
0.652900	17
0.850100	2
3.120100	69
0.850100	4
1.312700	2
3.120100	52
1.312700	2
0.850100	6
0.652900	36
0.547200	11
1.312700	4
0.547200	4
0.850100	3
1.312700	11
0.652900	8
1.312700	13
0.652900	26
0.547200	80
0.850100	13
0.547200	99
0.652900	2
0.547200	3
0.652900	2
0.850100	34
3.120100	19
1.312700	1
0.850100	21
0.652900	37
0.850100	2
3.120100	63
1.312700	4
