0.035300
0.035300
0.035300
0.035800
0.035800
0.035800
0.035800
0.035800
0.035800
0.035800
0.035800
0.035800
0.035600
0.035600
0.035600
0.035600
0.035600
0.035600
0.035600
0.035600
0.035600
0.035400
0.035400
0.035400
0.035400
0.035400
0.035400
0.035400
0.035400
0.035400
0.036500
0.036500
0.036500
0.036500
0.036500
0.036500
0.036500
0.036500
0.036500
0.050000
0.050000
0.050000
0.050000
0.050000
0.050000
0.050000
0.050000
0.050000
0.041100
0.041100
0.041100
0.041100
0.041100
0.041100
0.041100
0.041100
0.041100
0.041500
0.041500
0.041500
0.041500
0.041500
0.041500
0.041500
0.041500
0.041500
0.041700
0.041700
0.041700
0.041700
0.041700
0.041700
0.041700
0.041700
0.041700
0.040000
0.040000
0.040000
0.040000
0.040000
0.040000
0.040000
0.040000
0.040000
0.050000
0.050000
0.050000
0.050000
0.050000
0.050000
0.050000
0.050000
0.040900
0.040900
0.040900
0.040900
0.040900
0.040900
0.040900
0.040900
0.040900
0.040900
0.041900
0.041900
0.041900
0.041900
0.041900
0.041900
0.041900
0.041900
0.041900
0.041400
0.041400
0.041400
0.041400
0.041400
0.041400
0.041400
0.041400
0.043700
0.043700
0.043700
0.043700
0.043700
0.043700
0.043700
0.043700
0.043700
0.044800
0.044800
0.044800
0.044800
0.044800
0.044800
0.044800
0.044800
0.044800
0.043600
0.043600
0.043600
0.043600
0.043600
0.043600
0.043600
0.043600
0.043600
0.045800
0.045800
0.045800
0.045800
0.045800
0.045800
0.045800
0.045800
0.045800
0.058300
0.058300
0.058300
0.058300
0.058300
0.058300
0.058300
0.058300
0.058300
0.053300
0.053300
0.053300
0.053300
0.053300
0.053300
0.053300
0.053300
0.044200
0.044200
0.044200
0.044200
0.044200
0.044200
0.044200
0.044200
0.044200
0.040800
0.040800
0.040800
0.040800
0.040800
0.040800
0.040800
0.040800
0.039700
0.039700
0.039700
0.039700
0.039700
0.039700
0.039700
0.039700
0.039700
0.039900
0.039900
0.039900
0.039900
0.039900
0.039900
0.039900
0.039900
0.039900
0.038000
0.038000
0.038000
0.038000
0.038000
0.038000
0.038000
0.038000
0.038100
0.038100
0.038100
0.038100
0.038100
0.038100
0.038100
0.038100
0.038100
0.034100
0.034100
0.034100
0.034100
0.034100
0.034100
0.034100
0.034100
0.034700
0.034700
0.034700
0.034700
0.034700
0.034700
0.034700
0.034700
0.034700
0.036200
0.036200
0.036200
0.036200
0.036200
0.036200
0.036200
0.036200
0.035600
0.035600
0.035600
0.035600
0.035600
0.035600
0.035600
0.035600
0.035600
0.035600
0.035600
0.035600
0.035600
0.035600
0.035600
0.035600
0.035600
0.035600
0.036100
0.036100
0.036100
0.036100
0.036100
0.036100
0.036100
0.036100
0.036100
0.039700
0.039700
0.039700
0.039700
0.039700
0.039700
0.039700
0.039700
0.039700
0.039400
0.039400
0.039400
0.039400
0.039400
0.039400
0.039400
0.039400
0.039400
0.039300
0.039300
0.039300
0.039300
0.039300
0.039300
0.039300
0.039300
0.039300
0.039100
0.039100
0.039100
0.039100
0.039100
0.039100
0.039100
0.039100
0.050000
0.050000
0.050000
0.050000
0.050000
0.050000
0.050000
0.050000
0.050000
0.050000
0.036900
0.036900
0.036900
0.036900
0.036900
0.036900
0.036900
0.036900
0.036900
0.050000
0.050000
0.050000
0.050000
0.050000
0.050000
0.050000
0.050000
0.050000
0.037000
0.037000
0.037000
0.037000
0.037000
0.037000
0.037000
0.037000
0.037000
0.036500
0.036500
0.036500
0.036500
0.036500
0.036500
0.036500
0.036500
0.050000
0.050000
0.050000
0.050000
0.050000
0.050000
0.050000
0.050000
0.050000
0.033700
0.033700
0.033700
0.033700
0.033700
0.033700
0.033700
0.033700
0.033700
0.033600
0.033600
0.033600
0.033600
0.033600
0.033600
0.033600
0.033600
0.033600
0.033700
0.033700
0.033700
0.033700
0.033700
0.033700
0.033700
0.033700
0.033700
0.034300
0.034300
0.034300
0.034300
0.034300
0.034300
0.034300
0.034300
0.034300
0.037300
0.037300
0.037300
0.037300
0.037300
0.037300
0.037300
0.037300
0.037300
0.037100
0.037100
0.037100
0.037100
0.037100
0.037100
0.037100
0.037100
0.037100
0.037200
0.037200
0.037200
0.037200
0.037200
0.037200
0.037200
0.037200
0.037200
0.037200
0.037200
0.037200
0.037200
0.037200
0.037200
0.037200
0.037200
0.037200
0.037200
0.037200
0.037200
0.037200
0.037200
0.037200
0.037200
0.037200
0.036800
0.036800
0.036800
0.036800
0.036800
0.036800
0.036800
0.036800
0.036800
0.036800
0.037300
0.037300
0.037300
0.037300
0.037300
0.037300
0.037300
0.037300
0.037400
0.037400
0.037400
0.037400
0.037400
0.037400
0.037400
0.037400
0.037400
0.037400
0.037400
0.037400
0.037400
0.037400
0.037400
0.037400
0.037400
0.037200
0.037200
0.037200
0.037200
0.037200
0.037200
0.037200
0.037200
0.037200
0.034200
0.034200
0.034200
0.034200
0.034200
0.034200
0.034200
0.034200
0.034200
0.034200
0.034200
0.034200
0.034200
0.034200
0.034200
0.034200
0.034200
0.034200
0.038500
0.038500
0.038500
0.038500
0.038500
0.038500
0.038500
0.038500
0.038500
0.042700
0.042700
0.042700
0.042700
0.042700
0.042700
0.042700
0.042700
0.042700
0.042600
0.042600
0.042600
0.042600
0.042600
0.042600
0.042600
0.042600
0.042600
0.042300
0.042300
0.042300
0.042300
0.042300
0.042300
0.042300
0.042300
0.042600
0.042600
0.042600
0.042600
0.042600
0.042600
0.042600
0.042600
0.042600
0.042000
0.042000
0.042000
0.042000
0.042000
0.042000
0.042000
0.042000
0.042000
0.041000
0.041000
0.041000
0.041000
0.041000
0.041000
0.041000
0.041000
0.041000
0.042000
0.042000
0.042000
0.042000
0.042000
0.042000
0.042000
0.042000
0.042000
0.042300
0.042300
0.042300
0.042300
0.042300
0.042300
0.042300
0.042300
0.040800
0.040800
0.040800
0.040800
0.040800
0.040800
0.040800
0.040800
0.040800
0.037400
0.037400
0.037400
0.037400
0.037400
0.037400
0.037400
0.037400
0.037400
0.037300
0.037300
0.037300
0.037300
0.037300
0.037300
0.037300
0.037300
0.037300
0.037300
0.037300
0.037300
0.037300
0.037300
0.037300
0.037300
0.037300
0.037300
0.034800
0.034800
0.034800
0.034800
0.034800
0.034800
0.034800
0.034800
0.034800
0.035600
0.035600
0.035600
0.035600
0.035600
0.035600
0.035600
0.035600
0.035600
0.038600
0.038600
0.038600
0.038600
0.038600
0.038600
0.038600
0.038600
0.038600
0.040000
0.040000
0.040000
0.040000
0.040000
0.040000
0.040000
0.040000
0.039800
0.039800
0.039800
0.039800
0.039800
0.039800
0.039800
0.039800
0.039800
0.039400
0.039400
0.039400
0.039400
0.039400
0.039400
0.039400
0.039400
0.039400
0.039400
0.039400
0.039400
0.039400
0.039400
0.039400
0.039400
0.039400
0.050000
0.050000
0.050000
0.050000
0.050000
0.050000
0.050000
0.050000
0.050000
0.050000
0.050000
0.050000
0.050000
0.050000
0.050000
0.050000
0.050000
0.050000
0.035700
0.035700
0.035700
0.035700
0.035700
0.035700
0.035700
0.035700
0.034900
0.034900
0.034900
0.034900
0.034900
0.034900
0.034900
0.034900
0.034900
0.034800
0.034800
0.034800
0.034800
0.034800
0.034800
0.034800
0.034800
0.035600
0.035600
0.035600
0.035600
0.035600
0.035600
0.035600
0.035600
0.035600
0.035600
0.035600
0.035600
0.035600
0.035600
0.035600
0.035600
0.035600
0.035600
0.035700
0.035700
0.035700
0.035700
0.035700
0.035700
0.035700
0.035700
0.035700
0.040000
0.040000
0.040000
0.040000
0.040000
0.040000
0.040000
0.040000
0.039900
0.039900
0.039900
0.039900
0.039900
0.039900
0.039900
0.039900
0.039900
0.050000
0.050000
0.050000
0.050000
0.050000
0.050000
0.050000
0.050000
0.050000
0.040400
0.040400
0.040400
0.040400
0.040400
0.040400
0.040400
0.040400
0.040400
0.040300
0.040300
0.040300
0.040300
0.040300
0.040300
0.040300
0.040300
0.040200
0.040200
0.040200
0.040200
0.040200
0.040200
0.040200
0.040200
0.040200
0.040200
0.040400
0.040400
0.040400
0.040400
0.040400
0.040400
0.040400
0.040400
0.040400
0.050000
0.050000
0.050000
0.050000
0.050000
0.050000
0.050000
0.050000
0.050000
0.036600
0.036600
0.036600
0.036600
0.036600
0.036600
0.036600
0.036600
0.036600
0.050000
0.050000
0.050000
0.050000
0.050000
0.050000
0.050000
0.050000
0.036500
0.036500
0.036500
0.036500
0.036500
0.036500
0.036500
0.036500
0.036500
0.036500
0.036500
0.036500
0.036500
0.036500
0.036500
0.036500
0.036500
0.036500
0.036800
0.036800
0.036800
0.036800
0.036800
0.036800
0.036800
0.036800
0.036800
0.037700
0.037700
0.037700
0.037700
0.037700
0.037700
0.037700
0.037700
0.037700
0.042100
0.042100
0.042100
0.042100
0.042100
0.042100
0.042100
0.042100
0.042100
0.042400
0.042400
0.042400
0.042400
0.042400
0.042400
0.042400
0.042400
0.042400
0.042900
0.042900
0.042900
0.042900
0.042900
0.042900
0.042900
0.042900
0.042900
0.042800
0.042800
0.042800
0.042800
0.042800
0.042800
0.042800
0.042800
0.042800
0.041800
0.041800
0.041800
0.041800
0.041800
0.041800
0.041800
0.041800
0.041800
0.040200
0.040200
0.040200
0.040200
0.040200
0.040200
0.040200
0.040200
0.040200
0.040900
0.040900
0.040900
0.040900
0.040900
0.040900
0.040900
0.040900
0.040900
0.040700
0.040700
0.040700
0.040700
0.040700
0.040700
0.040700
0.040700
0.040700
0.039600
0.039600
0.039600
0.039600
0.039600
0.039600
0.039600
0.039600
0.039600
0.036100
0.036100
0.036100
0.036100
0.036100
0.036100
0.036100
0.036100
0.036100
0.036000
0.036000
0.036000
0.036000
0.036000
0.036000
0.036000
0.036000
0.036800
0.036800
0.036800
0.036800
0.036800
0.036800
0.036800
0.036800
0.036800
0.038600
0.038600
0.038600
0.038600
0.038600
0.038600
0.038600
0.038600
0.038600
0.038600
0.050000
0.050000
0.050000
0.050000
0.050000
0.050000
0.050000
0.050000
0.050000
0.046000
0.046000
0.046000
0.046000
0.046000
0.046000
0.046000
0.046000
0.046000
0.046000
0.050000
0.050000
0.050000
0.050000
0.050000
0.050000
0.050000
0.050000
0.050000
0.064400
0.064400
0.064400
0.064400
0.064400
0.064400
0.064400
0.064400
0.064400
0.064400
0.150000
0.150000
0.150000
0.150000
0.150000
0.150000
0.150000
0.150000
0.150000
0.150000
0.180000
0.180000
0.180000
0.180000
0.180000
0.180000
0.180000
0.180000
0.180000
0.180000
0.130200
0.130200
0.130200
0.130200
0.130200
0.150000
0.150000
0.150000
0.150000
0.150000
0.150000
0.150000
0.150000
0.150000
0.700000
0.700000
0.700000
0.700000
0.700000
0.700000
0.700000
0.700000
0.700000
0.700000
1.000000
1.000000
1.000000
1.000000
1.000000
1.000000
1.000000
1.000000
1.000000
1.000000
1.000000
0.050000
0.050000
0.050000
0.050000
0.050000
0.050000
0.050000
0.050000
0.050000
0.050000
0.100000
0.100000
0.100000
0.100000
0.100000
0.100000
0.100000
0.100000
0.100000
0.100000
1.000000
1.000000
1.000000
1.000000
1.000000
1.000000
1.000000
1.000000
1.000000
1.000000
1.000000
1.000000
1.000000
1.000000
1.000000
1.000000
1.000000
1.000000
0.150000
0.150000
0.150000
0.150000
0.150000
0.150000
0.150000
0.150000
0.150000
0.038700
0.038700
0.038700
0.038700
0.038700
0.038700
0.038700
0.038700
0.038700
0.038500
0.038500
0.038500
0.038500
0.038500
0.038500
0.038500
0.038500
0.038500
0.038100
0.038100
0.038100
0.038100
0.038100
0.038100
0.038100
0.038100
0.038100
0.038100
0.039400
0.039400
0.039400
0.039400
0.039400
0.039400
0.039400
0.039400
0.039400
0.039400
0.038800
0.038800
0.038800
0.038800
0.038800
0.038800
0.038800
0.038800
0.038800
0.038700
0.038700
0.038700
0.038700
0.038700
0.038700
0.038700
0.038700
0.038700
0.041600
0.041600
0.041600
0.041600
0.041600
0.041600
0.041600
0.041600
0.041600
0.036600
0.036600
0.036600
0.036600
0.036600
0.036600
0.036600
0.036600
0.036600
0.036900
0.036900
0.036900
0.036900
0.036900
0.036900
0.036900
0.036900
0.036900
0.039100
0.039100
0.039100
0.039100
0.039100
0.039100
0.039100
0.039100
0.039100
0.048900
0.048900
0.048900
0.048900
0.048900
0.048900
0.048900
0.048900
0.048900
0.048900
0.062500
0.062500
0.062500
0.062500
0.062500
0.062500
0.062500
0.062500
0.062500
0.062500
0.061300
0.061300
0.061300
0.061300
0.061300
0.061300
0.061300
0.061300
0.061300
0.061300
0.057000
0.057000
0.057000
0.057000
0.057000
0.057000
0.057000
0.057000
0.057000
0.056800
0.056800
0.056800
0.056800
0.056800
0.056800
0.056800
0.056800
0.056800
0.056100
0.056100
0.056100
0.056100
0.056100
0.056100
0.056100
0.056100
0.056100
0.052600
0.052600
0.052600
0.052600
0.052600
0.052600
0.052600
0.052600
0.049900
0.049900
0.049900
0.049900
0.049900
0.049900
0.049900
0.048000
0.048000
0.048000
0.048000
0.048000
0.048000
0.048000
0.046900
0.046900
0.046900
0.046900
0.046900
0.046900
0.046900
0.045500
0.045500
0.045500
0.045500
0.045500
0.045500
0.045500
0.044000
0.044000
0.044000
0.044000
0.044000
0.044000
0.044000
0.042400
0.042400
0.042400
0.042400
0.042400
0.042400
0.042400
0.042000
0.042000
0.042000
0.042000
0.042000
0.042000
0.042000
0.042300
0.042300
0.042300
0.042300
0.042300
0.042300
0.042300
0.045500
0.045500
0.045500
0.045500
0.045500
0.045500
0.045500
0.059200
0.059200
0.059200
0.059200
0.059200
0.059200
0.059200
0.058300
0.058300
0.058300
0.058300
0.058300
0.058300
0.058300
0.046700
0.046700
0.046700
0.046700
0.046700
0.046700
0.046700
0.046100
0.046100
0.046100
0.046100
0.046100
0.046100
0.046100
0.043500
0.043500
0.043500
0.043500
0.043500
0.043500
0.043500
0.036700
0.036700
0.036700
0.036700
0.036700
0.036700
0.036700
0.035900
0.035900
0.035900
0.035900
0.035900
0.035900
0.035900
0.036000
0.036000
0.036000
0.036000
0.036000
0.036000
0.036000
0.036300
0.036300
0.036300
0.036300
0.036300
0.036300
0.036300
0.036300
0.036300
0.036300
0.036300
0.036300
0.036300
0.036300
0.036300
0.035500
0.035500
0.035500
0.035500
0.035500
0.035500
0.035500
0.035400
0.035400
0.035400
0.035400
0.035400
0.035400
0.035400
0.035400
